75682131.87887502,1.0274436090225565,0.014841019565854966,39.611822838156584,0.5067680326348971,0.787,0.158,0.131,0.134,0.13,0.144,0.136,0.167,25.0,0.273,0.206,0.0
114100125.54409504,3.075187969924812,2.4920428320660637,8.87927506800567,0.7546125461254612,0.008,0.21615800000000002,0.181131,0.092134,0.23013,0.06814400000000001,0.11813599999999999,0.095167,16.9491525424,0.015,0.627,0.0
79451007.26631308,24.195652173913043,49.92540858172145,0.33928833538438447,0.9603106125970664,0.5337620578778135,0.1614667459807074,0.1645695530546624,0.17714512540192925,0.2000968810289389,0.11597473954983924,0.10648918327974276,0.07747642122186495,1.8622754491,0.40836012861736337,1.2861736334405145,0.0
163257088.03191996,1.8264706380528126,6.299913911234942,220.91507593807137,0.6462018792847212,0.047,0.1431614667459807,0.13016456955305467,0.17817714512540192,0.16720009688102894,0.11511597473954985,0.13710648918327972,0.13007747642122186,9.52380952381,0.66,0.955,0.0
77855717.37094307,9.485106382978723,2.55130395952312,3.106176504004007,0.9046266233766234,0.779,0.144143161466746,0.15413016456955306,0.1551781771451254,0.15216720009688103,0.15511511597473956,0.13513710648918328,0.10513007747642122,4.13223140496,0.802,0.739,0.0
70144403.59976506,0.20965417867435157,0.12194272901378905,0.051733278975546866,0.17331745086360928,0.03225806451612903,0.06916590843441116,0.3920687149861146,0.48887671539177824,0.06942474839022196,0.0050037134185399856,0.004359261499651074,0.0033912928218200393,6.2,0.3225806451612903,0.967741935483871,0.0
224737227.00776792,69.1958925750395,1.0014896196624359,20.71680273886744,0.985754152225773,0.152,0.12206916590843442,0.18539206871498612,0.19148887671539178,0.18806942474839022,0.13600500371341856,0.10000435926149964,0.07800339129282181,4.5871559633,0.816,0.775,0.0
135667480.12679005,2243.0,0.39548460655314366,1.2558706024521729,0.999554367201426,0.871,0.022122069165908434,0.014185392068714987,0.01519148887671539,0.01918806942474839,0.27613600500371344,0.4071000043592615,0.24707800339129285,11.4942528736,0.949,0.187,0.0
74286053.59240699,60.65373134328358,0.010467644495783,142.49255530626206,0.9837803815241599,0.059,2.2122069165908433e-05,0.3190141853920687,0.04501519148887672,0.3560191880694248,0.28027613600500373,0.0004071000043592615,0.00024707800339129286,250.0,0.015,1.024,0.0
163574880.4378271,153.32142857142858,0.012676763048518022,8.745910106556725,0.9935200185142328,0.121,0.17800002212206917,0.12231901418539207,0.10804501519148887,0.14035601918806942,0.159280276136005,0.11800040710000437,0.17500024707800338,5.64971751412,0.367,1.174,0.0
201048600.52544498,0.9063849839001021,0.08294113938828221,4.727644945132086,0.47544698030814864,0.848,0.14317800002212205,0.1271223190141854,0.1281080450151915,0.13314035601918806,0.110159280276136,0.1521180004071,0.207175000247078,5.46448087432,0.089,0.17,0.0
157514236.82226396,1.654418892932632,0.010970436925963981,6.848295251033016,0.6232697097423124,0.831,0.1501431780000221,0.15412712231901418,0.13912810804501521,0.1331331403560192,0.14511015928027615,0.13715211800040708,0.14220717500024707,13.698630137,0.113,0.138,0.0
125577490.11168289,1.0070599309695638,19.523983142357004,59.7016805586124,0.5017587743297116,0.022,0.15015014317800002,0.08015412712231901,0.12113912810804502,0.24313313314035603,0.08814511015928028,0.12413715211800042,0.19414220717500025,38.4615384615,0.231,0.974,0.0
179864136.11410308,1.5220529270248597,0.0,1.6226647863521217,0.6034976152623212,0.009,0.140150150143178,0.1250801541271223,0.13812113912810803,0.12924313313314037,0.17108814511015927,0.156124137152118,0.141194142207175,5.10204081633,0.069,0.228,0.0
120750225.04631901,0.24626006904487918,0.0,0.05080238978972407,0.19759926131117267,0.014084507042253521,0.1569035232414532,0.01584619935390313,0.0019453681567339158,0.39618652300187523,0.2700153259874671,0.1007904808049594,0.0724111851015095,5.46153846154,0.056338028169014086,0.08450704225352113,0.0
104449341.48652196,1.0500870771801152,0.05294049652494491,225.04756914176622,0.5122158413995297,0.007,0.0011569035232414533,0.026015846199353904,1.9453681567339157e-06,0.4373961865230019,0.41527001532598745,0.08610079048080496,0.03507241118510151,90.9090909091,0.096,0.69,0.0
138136917.742141,3.1488035984220035,10.923145127768315,57.22892423846457,0.7589666571875444,0.043,0.06300115690352324,0.17902601584619934,0.08500000194536815,0.103437396186523,0.18641527001532598,0.1310861007904808,0.2530350724111851,15.3846153846,0.211,0.99,0.0
107394209.77376199,1.1120441458733206,0.2300906171017529,234.28454153165305,0.5265250482789958,0.001,0.18006300115690352,0.0781790260158462,0.13008500000194537,0.1501034373961865,0.1501864152700153,0.15013108610079046,0.1622530350724112,100.0,0.978,0.0,0.0
148920679.49298,0.6147978642257819,1.1446845433446715,2.455299030630841,0.38072744449692963,0.003,0.1341800630011569,0.13807817902601585,0.14813008500000194,0.15315010343739618,0.13115018641527001,0.1461501310861008,0.1501622530350724,3.38983050847,0.051,0.026,0.0
81063781.20119596,0.6605735896627797,3.001369987863464,16.95518244564346,0.39779844372746254,0.055,0.13713418006300115,0.07513807817902603,0.056148130085000005,0.2691531501034374,0.14913115018641526,0.1731461501310861,0.14115016225303506,24.3902439024,0.231,1.53,0.0
174532611.06690407,1.455532179401358,0.0024751821299138204,27.332446187786353,0.5927563041573362,0.204,0.192,0.135,0.111,0.106,0.087,0.113,0.256,6.49350649351,0.071,1.137,0.0
114522729.39092398,1.159677186914541,0.6276902443935023,1.5812965772220924,0.5369678366475377,0.1572052401746725,0.11874235807860262,0.17962882096069868,0.21009170305676858,0.1402008733624454,0.08334934497816594,0.1271310043668122,0.1452227074235808,2.22330097087,0.5283842794759825,0.2052401746724891,0.0
70765900.8585329,0.11705202312138728,0.00854648909520769,0.06226727769365603,0.10478654592496765,0.37209302325581395,0.3515986594902001,0.027433228394434853,0.0048858535594597345,0.11953955519447548,0.44379882197623644,0.07272397684573982,0.0033772722656646697,4.77777777778,0.23255813953488372,0.8372093023255814,0.0
159087690.23333502,1.4219496279018105,0.39754678634932983,3.2971400818671874,0.5871094970433706,0.066,0.1433515986594902,0.14802743322839446,0.16500488585355946,0.12611953955519448,0.17244379882197622,0.11607272397684573,0.13000337727226566,2.28832951945,0.391,0.33,0.0
97522881.21235704,1.1062913607107243,5.638159918621529,6.532079365178587,0.5252318750134498,0.718,0.15414335159865947,0.15614802743322836,0.10716500488585357,0.1181261195395552,0.14517244379882197,0.16511607272397685,0.15513000337727226,25.0,0.208,0.274,0.0
140426065.72917604,0.5,1.8402737316474436,1.8882648219411584,0.3333333333333333,0.186,0.09515414335159866,0.07715614802743323,0.07910716500488586,0.09111812611953955,0.09814517244379883,0.25316511607272396,0.3071551300033773,4.8309178744,0.661,1.416,0.0
75182003.45320296,2.9792582680175874,0.6493043249424115,1.5307493111916675,0.7486968845331604,0.147,0.09809515414335161,0.13007715614802742,0.16007910716500487,0.13509111812611954,0.11309814517244379,0.19625316511607271,0.16830715513000336,3.06748466258,0.592,0.601,0.0
112554657.79442096,1.1471325686849827,0.0,33.067070460983466,0.5342625720532698,0.194,0.15709809515414336,0.10413007715614801,0.124160079107165,0.11213509111812613,0.16411309814517244,0.16819625316511608,0.17116830715513,52.6315789474,0.0,0.0,0.0
73698467.40148306,1.3002481389578164,0.0011723445961138311,3.6202001127995103,0.5652642934196332,1.0,0.16715709809515414,0.22310413007715615,0.15612416007910715,0.2301121350911181,0.18316411309814518,0.03316819625316511,0.008171168307155129,17.8571428571,1.0,0.0,0.0
90071631.65101194,0.9180061037639878,0.0,10.946807356841331,0.47862522541635727,0.965,0.14716715709809514,0.14622310413007716,0.14715612416007912,0.14123011213509112,0.12718316411309816,0.14403316819625317,0.14800817116830717,15.873015873,0.072,0.106,0.0
118295845.851336,5.39713055954089,0.0051126055665560765,0.2928792617412838,0.8436799138781735,0.0199501246882793,0.15248670113989551,0.14250928454895279,0.1400178456961598,0.15995319229958876,0.14744933457384812,0.12754122984587593,0.13253867374356187,1.70638297872,0.032418952618453865,0.07481296758104738,0.0
112559961.43754101,1.3186623297418174,0.0,34.431824162898074,0.5687168471351541,0.242,0.16515248670113988,0.11914250928454895,0.13714001784569615,0.12415995319229958,0.13014744933457384,0.13912754122984586,0.18613253867374357,58.8235294118,0.0,0.0,0.0
178729963.4339981,2.9153160568817236,0.08846418192123003,15.416938195802558,0.7445927773206563,0.352,0.12716515248670116,0.13311914250928455,0.1591371400178457,0.1721241599531923,0.11013014744933457,0.13013912754122983,0.16918613253867373,18.5185185185,0.676,0.951,0.0
151976471.97965908,1.0105883929768127,0.05400835993283605,32.929749814628025,0.5026331577894807,1.0,0.1381271651524867,0.13013311914250927,0.13615913714001784,0.1471721241599532,0.15411013014744931,0.15313013912754123,0.14216918613253868,34.4827586207,0.0,0.0,0.0
112042536.06617808,1.2021820534192553,0.04858154939285707,0.20666436884580466,0.5459049362211752,0.003861003861003861,0.1626954716801254,0.14722059119360043,0.10863381906231667,0.14728637885776044,0.1511741703866697,0.1473093827765542,0.13954505477271248,1.23923444976,0.11196911196911197,0.03861003861003861,0.0
134818580.84133697,1.1911922888143949,0.010894640715203617,5.239040461575857,0.5436274556528867,0.006,0.13016269547168013,0.14614722059119362,0.12710863381906232,0.13514728637885776,0.17415117417038667,0.14914730938277654,0.13913954505477272,2.48756218905,0.086,0.01,0.0
172707045.41488504,23.965635738831615,0.037019914182661116,4.299312736294454,0.9599449415003442,0.25,0.16013016269547167,0.10214614722059119,0.11512710863381906,0.09513514728637887,0.1341741511741704,0.20914914730938278,0.1851391395450548,3.92156862745,1.22,1.238,0.0
231989232.2986791,0.4758842443729904,0.0,0.1802566420244932,0.3224400871459695,0.15145228215767634,0.1268882368520653,0.147514826031578,0.1392430023000702,0.13297745881179748,0.1600294069526435,0.12284055839690743,0.17258327622312253,1.69122807018,0.3049792531120332,0.4149377593360996,0.0
157680902.56198,1.060090702947846,0.7578038815006866,7.0300967459535855,0.5145844799119428,0.02,0.15712688823685206,0.23114751482603157,0.18513924300230009,0.1371329774588118,0.13616002940695265,0.09412284055839691,0.06017258327622312,4.73933649289,0.012,0.397,0.0
74231564.71456099,0.1828358208955224,1.619020162947279,0.6331753908291299,0.15457413249211358,0.15313653136531366,0.09807587986759567,0.23843385150336907,0.15163309823432158,0.1663046733901454,0.19766819193617519,0.0813544701855321,0.06837670218316647,12.0444444444,0.31365313653136534,0.988929889298893,0.0
172886531.67101598,1,4.043475181341706,4.882555002065069,1.0,0.0,0.1440980758798676,0.11223843385150337,0.11415163309823433,0.18616630467339013,0.15619766819193617,0.14008135447018555,0.14806837670218317,3.87596899225,0.171,0.007,0
79906164.92354488,0.44362969752520626,0.34816838008205314,0.0854201926288267,0.3073015873015873,0.012987012987012988,0.07979348150493334,0.06639270693313641,0.06641755367660045,0.10631384811264144,0.10592464504145371,0.20961144616195043,0.3785463425545738,2.48387096774,1.051948051948052,0.5324675324675324,0.0
151881815.51663303,0.9798417483044461,0.49661771386805514,10.036456272364372,0.4949091255114664,0.846,0.181,0.151,0.132,0.124,0.141,0.131,0.14,18.5185185185,0.08,1.407,0.0
77183979.62626791,0.18844566712517194,1.1720152347419723,3.641418871648172,0.15856481481481483,0.089,0.118181,0.11615099999999999,0.168132,0.136124,0.216141,0.114131,0.13213999999999998,12.1951219512,0.911,0.982,0.0
175760978.96371698,1.3672250345936003,0.6828000202751149,56.39318612378755,0.5775644539972189,0.022,0.212118181,0.068116151,0.108168132,0.076136124,0.07721614099999999,0.20911413099999998,0.25013214,38.4615384615,0.803,1.073,0.0
118198783.16935802,1.7390263981965208,0.0029238879684980864,89.6098565145451,0.6349067680915971,0.221,0.220212118181,6.8116151e-05,0.000108168132,0.157076136124,0.251077216141,0.098209114131,0.27425013214,200.0,0.652,0.837,0.0
82152627.71801901,0.6535044422507403,0.0,0.1083252020926908,0.3952238805970149,1.3495145631067962,0.24485642833185436,0.02912687491408738,0.009709788040116506,0.001525011030330097,0.19661240015670872,0.05920591372942719,0.4686820401178641,5.42105263158,1.1359223300970873,0.8349514563106796,0.0
220046257.66812992,1.265113150578458,0.05889670716211886,21.816125622277653,0.5585209508211001,1.0,0.13024485642833183,0.1430291268749141,0.1550097097880401,0.15900152501103035,0.15119661240015672,0.13605920591372944,0.12646868204011788,27.7777777778,0.248,0.017,0.0
111332931.632586,4.8543032786885245,0.19556477747171194,6.270489690362827,0.8291854807658651,0.634,0.19413024485642832,0.17514302912687493,0.13815500970978803,0.11815900152501103,0.08615119661240016,0.13913605920591374,0.15012646868204013,3.57142857143,0.717,0.072,0.0
117782886.80322504,1543.64,0.00513487159650293,44.112948332471454,0.9993525999585664,0.017,0.1631941302448564,0.14017514302912687,0.10613815500970979,0.08711815900152502,0.1860861511966124,0.1431391360592059,0.17515012646868203,40.0,0.634,0.93,0.0
116309303.67990398,0.262190451876436,0.007428468511666299,0.014114090172165968,0.2077265372168285,0.16666666666666666,0.34239967390249204,0.007787507946062604,0.5614521197227617,0.004839897722306945,0.010338119510922911,0.06350772978106699,0.065286118137149,3.0,0.6666666666666666,0.5555555555555556,0.0
90383056.64095902,0.7621052631578947,0.7666569661973401,1.873625503424921,0.4324970131421744,0.624,0.3383423996739025,0.13600778750794607,0.12156145211972276,0.12800483989772232,0.10501033811951092,0.08506350772978107,0.08706528611813716,5.91715976331,0.648,0.989,0.0
172818087.10855794,2.045968140281551,0.006499319711220084,117.16223653882426,0.6716971570465717,0.112,0.06433834239967391,0.39513600778750796,0.2031215614521197,0.06412800483989772,0.05810501033811951,0.08208506350772979,0.13408706528611813,41.6666666667,0.99,0.968,0.0
166586584.32937098,0.9091160257337947,0.03111895247068828,21.04004241464019,0.4761973675142995,0.072,0.14906433834239968,0.1363951360077875,0.13620312156145212,0.13906412800483992,0.13905810501033813,0.13908208506350775,0.16213408706528612,4.56621004566,1.638,0.0,0.0
103974406.99386692,1.2516587424276153,19.874398515414388,151.64107068126896,0.5558829670068677,0.164,0.3301490643383424,0.1181363951360078,0.10913620312156146,0.18913906412800482,0.07213905810501034,0.1591390820850635,0.023162134087065286,21.7391304348,0.503,1.14,0.0
108894546.10850191,1.9630268199233716,0.005553997161596878,0.2634181510928805,0.662507273550139,0.8975903614457831,0.14557273814559743,0.13891004938293977,0.14189498856361918,0.14213596103653015,0.15985584053646087,0.1299974068737502,0.14464807871712973,1.09210526316,0.19879518072289157,0.6626506024096386,0.0
116974938.69970798,53.834920634920636,0.3515830010869043,22.172626280730633,0.9817634458403288,0.012,0.2371455727381456,0.22013891004938296,0.04214189498856362,0.02514213596103653,0.060159855840536465,0.17312999740687374,0.24314464807871713,10.5263157895,0.376,0.763,0.0
81424386.64127707,1.9385593220338984,0.5751200829587917,4.615816163968162,0.6596971881759193,0.061,0.12123714557273814,0.1532201389100494,0.14204214189498857,0.12602514213596103,0.19106015985584054,0.14917312999740687,0.11824314464807872,2.53164556962,0.271,0.951,0.0
186203365.3640039,3.680892448512586,2.853190107286341,9.993357511892327,0.7863655251643812,0.603,0.14312123714557273,0.11515322013891006,0.10314204214189499,0.16412602514213598,0.14519106015985586,0.1781491731299974,0.15211824314464809,8.54700854701,0.083,0.113,0.0
214711874.774714,192.16459977452087,1.6486316854687877,74.12806588690083,0.9948230679888174,0.568,0.1381431212371456,0.1461151532201389,0.2051031420421419,0.16716412602514213,0.24814519106015984,0.06817814917312999,0.02815211824314465,47.619047619,0.389,1.056,0.0
70037444.88323498,0.3875968992248062,0.06661579399103429,0.15420322683109788,0.27932960893854747,0.16129032258064516,0.1220817993648157,0.1382751222033882,0.13068631566163016,0.1223158397260092,0.27619471928274325,0.12151756571913815,0.09700122676002537,1.63157894737,0.04838709677419355,0.7419354838709677,0.0
82381111.54138708,1.0194568301580866,1.3896389337073571,12.720702359952103,0.5048173424327579,0.069,0.15712208179936482,0.1341382751222034,0.13613068631566164,0.139122315839726,0.13927619471928274,0.13912151756571914,0.15609700122676004,4.44444444444,1.681,0.021,0.0
120818372.09446001,1.2508365932978271,0.007866353299785765,6.033492980935683,0.5557207471312505,0.05925925925925926,0.35185185185185186,0.25555555555555554,0.25925925925925924,0.08148148148148149,0.014814814814814815,0.037037037037037035,0.0,18.0,0.5851851851851851,0.9111111111111111,0.0
90386859.31475806,2.1174365647365,6.989476178168842,0.6939769837733287,0.6792236251695711,0.03142857142857143,0.1705026455026455,0.12036507936507937,0.11465608465608466,0.18297354497354498,0.14287830687830688,0.14005291005291007,0.13,2.43055555556,0.31857142857142856,0.4,0.0
177040324.44916606,1.91749604687936,0.0009760488212933456,0.8803960368065977,0.6572403239176178,0.651,0.14217050264550263,0.1381203650793651,0.13211465608465608,0.14718297354497356,0.1481428783068783,0.1351400529100529,0.15813,1.74520069808,0.437,1.055,0.0
126747694.61880493,5.99435857805255,0.03953681378640644,12.416604536541264,0.8570276332217398,0.008,0.20114217050264552,0.21313812036507937,0.06913211465608465,0.18314718297354496,0.1301481428783069,0.11413514005291006,0.09015813,6.32911392405,0.3,0.475,0.0
70949326.65343595,0.11764705882352941,0.09498610230536463,0.04505751006792937,0.10526315789473684,0.35135135135135137,0.16759843704061206,0.24900373298284,0.10997654363935364,0.004949923864149864,0.0035175173750893753,0.27335500378521377,0.2186529224324324,4.11111111111,0.35135135135135137,1.9189189189189189,0.0
128085637.1425209,0.6703296703296703,0.2968014279204435,1.6148695873671404,0.40131578947368424,0.659,0.18516759843704061,0.19824900373298282,0.21710997654363937,0.18500494992386415,0.1600035175173751,0.028273355003785212,0.027218652922432432,2.77777777778,1.261,1.012,0.0
72918617.93013811,0.7311258278145696,0.01184882578037589,0.16706844350330002,0.4223412394797246,0.015151515151515152,0.0468573302911897,0.009077643967674113,0.1910387119435124,0.18321973446912018,0.39515154179937406,0.09112328299245291,0.09111529282516995,5.07692307692,0.22727272727272727,0.23484848484848486,0.0
102619668.15426612,1.1571300208385111,0.016838877293993307,10.936008858583955,0.5364210824847341,1.0,0.15304685733029116,0.14300907764396767,0.1301910387119435,0.1271832197344691,0.14639515154179938,0.14909112328299245,0.15209111529282518,20.4081632653,0.0,0.0,0.0
262425866.39179397,2.05595087382314,1.749888478273724,6.50537092045353,0.6727696087768085,0.466,0.1591530468573303,0.13814300907764396,0.15513019103871192,0.16312718321973446,0.1361463951515418,0.107149091123283,0.1421520911152928,10.8695652174,2.527,0.792,0.0
90582899.26230097,1.5160189131310562,0.2766085012077757,7.642025212678272,0.6025467079038959,0.985,0.039159153046857326,0.06713814300907765,0.05515513019103871,0.12116312718321973,0.24613614639515155,0.2441071490911233,0.2281421520911153,3.25732899023,1.031,0.0,0.0
111624393.705899,0.13432835820895522,0.054181705263590445,0.05031158345904827,0.11842105263157894,0.578125,0.12561186176635714,0.36042403348451685,0.172736798909235,0.1112681738622378,0.20697087728742425,0.0038141742045488015,0.03481472112642368,1.52380952381,0.375,0.921875,0.0
88307504.289989,2.6225664141171956,1.0146000696133042,1.3345366392985025,0.7239526110265405,0.096,0.15712561186176635,0.15636042403348452,0.12717273679890922,0.15211126817386225,0.13820697087728742,0.15100381417420453,0.11903481472112643,4.03225806452,0.046,0.066,0.0
152636320.80459094,1.5072640703210842,0.0,4.948421162266918,0.6011588839655256,0.304,0.16315712561186177,0.1601563604240335,0.1551271727367989,0.14115211126817384,0.1471382069708773,0.1121510038141742,0.12211903481472111,4.9504950495,0.092,0.122,0.0
153020331.17206907,1.002236547822655,1.1930649907868152,51.04996924373324,0.5005585123858335,0.003,0.17016315712561186,0.12916015636042402,0.19915512717273678,0.13314115211126817,0.1371471382069709,0.10011215100381418,0.13212211903481472,11.1111111111,0.114,0.409,0.0
191000926.2766471,1.0102929714364313,0.04704479802880743,1.2086894262785908,0.502560067508239,0.149,0.1741701631571256,0.14012916015636043,0.12819915512717273,0.14813314115211124,0.12613714713820698,0.13310011215100384,0.15113212211903482,1.71526586621,1.089,0.118,0.0
79288409.89419699,0.510116492949111,1.09078237431433,2.270919548522541,0.3377994315874949,0.403,0.03217417016315713,0.41214012916015635,0.36112819915512717,0.01814813314115211,0.03412613714713821,0.015133100112151004,0.12815113212211904,9.25925925926,1.053,0.915,0.0
106044617.40391302,0.9711327618857769,0.054588343488958586,1.3777446095496861,0.492677500300232,0.064,0.12703217417016316,0.15741214012916016,0.12936112819915513,0.13301814813314114,0.12903412613714715,0.18201513310011216,0.14312815113212213,4.52488687783,0.119,0.276,0.0
124411336.40842795,0.9920298765769459,0.03680693522145778,23.854366375884027,0.4979994970163927,0.028,0.24412703217417014,0.2851574121401292,0.21912936112819914,0.02213301814813314,0.10712903412613715,0.0751820151331001,0.048143128151132114,62.5,0.582,0.948,0.0
123493953.17115808,0.8009998387356878,0.10074663317932984,15.764049574976806,0.4447528653295129,0.883,0.13124412703217417,0.13128515741214014,0.15921912936112817,0.14802213301814815,0.13110712903412614,0.1640751820151331,0.13604814312815114,18.8679245283,0.015,0.024,0.0
104731714.7266469,0.9515378808172807,3.5960224749779366,2.300827410578909,0.48758360786662674,0.876,0.18913124412703217,0.18413128515741214,0.10415921912936113,0.12514802213301815,0.16413110712903412,0.11516407518201513,0.11913604814312816,3.22580645161,0.023,0.82,0.0
114231574.00940704,1.064355582779809,0.0,1.0150328488903737,0.5155873298468158,0.0,0.10780410811307321,0.12462995104021019,0.09609078212994022,0.2759839776524327,0.17507938824229793,0.12986047233248324,0.0961749216187816,3.56,0.056179775280898875,0.19101123595505617,0
180870141.10364103,76.50931677018633,0.6477487068076464,10.314299467102286,0.987098325186313,0.373015873015873,0.15695992878593865,0.19469172609333377,0.14304779917089275,0.1731666348762945,0.14717277656397282,0.09152750093716762,0.09542891849527536,11.7209302326,0.2638888888888889,0.6646825396825397,0.0
178700656.32493997,1.6587837837837838,0.0004834901100916761,0.14456354291741116,0.6238881829733164,0.8996655518394648,0.06407010009627404,0.1511528151374359,0.18108042742197625,0.1979035673407234,0.20785007617579926,0.174219155521529,0.02707501310533537,1.09926470588,0.34448160535117056,0.07023411371237458,0.0
107480508.9575119,9.010640184429864,1.3078910898679295,4.328018210109977,0.9001062887511072,0.094,0.0,0.0,0.001,0.033,0.175,0.12,0.671,111.111111111,0.258,1.81,0.0
194003624.75918698,0.916335433834222,0.0,12.23249721723367,0.4781706885212728,0.009,0.119,0.142,0.150001,0.15203300000000003,0.157175,0.15312,0.12767099999999998,11.6279069767,0.0,0.0,0.0
168277880.98071504,1.2629456706281834,0.0005134364629294423,4.975712762249225,0.5580980962205758,0.002,0.144119,0.126142,0.154150001,0.142152033,0.13015717499999999,0.16715312,0.13712767099999998,19.6078431373,0.149,0.216,0.0
260416767.537261,1.335987261146497,28.413617410181853,8.92311206369427,0.5719154737559645,0.027,0.14114411899999998,0.143126142,0.139154150001,0.140142152033,0.152130157175,0.14716715312,0.138137127671,5.40540540541,0.195,0.071,0.0
111138876.24670196,39.91208791208791,0.20678992604698038,2.616747710805022,0.9755573462261617,0.01,0.12514114411900001,0.121143126142,0.142139154150001,0.130140142152033,0.176152130157175,0.16514716715312,0.141138137127671,3.15457413249,0.258,0.195,0.0
126154168.80324888,0.9232240651940361,0.24587059067683537,42.59999055902461,0.4800397841844242,0.04975124378109453,0.050373836537905475,0.11005543843851742,0.11513502066741295,0.015572836528119569,0.25958284641869245,0.29435396600573693,0.15990615988620732,13.4,1.5870646766169154,0.04975124378109453,0.0
72816153.23955989,0.10714285714285714,0.01542514881697682,0.021357898361967904,0.0967741935483871,0.0,0.0033582557691936984,0.007337029229234495,0.007675668044494197,0.001038189101874638,0.017305523094579497,1.0196235977337158,0.010660410659080488,15.0,0.6,0.5333333333333333,0
93943183.88059592,0.3986813186813187,0.0,0.008277343473778242,0.28504085480829666,0.0,0.22259536175213265,0.22303744769213718,0.0008528520049437996,0.222337576566875,0.11303394701050884,0.335513733081524,0.0011844900732311653,1.28571428571,0.0,1.1111111111111112,0
190781474.54963398,0.7833333333333333,10.547439182709999,6.792659523463602,0.4392523364485981,0.208,0.14122259536175213,0.14022303744769216,0.16500085285200491,0.13622233757656688,0.16611303394701052,0.12033551373308153,0.13200118449007323,5.88235294118,0.067,0.666,0.0
81630058.23730302,0.586905322656618,1.8088630975951447,9.11628897576769,0.36984268328880976,0.307,0.14914122259536175,0.0741402230374477,0.14316500085285203,0.12313622233757657,0.11216611303394701,0.1321203355137331,0.26713200118449004,6.25,0.396,0.807,0.0
93714828.79402089,0.3323170731707317,2.7520084421949513,3.655515401441535,0.2494279176201373,0.347,0.16514914122259536,0.19307414022303743,0.15814316500085285,0.1251231362223376,0.12011216611303395,0.13013212033551372,0.10926713200118449,31.25,0.934,1.619,0.0
128911715.35768294,2.259957999104899,0.4584346724114696,0.4302851749826952,0.6932475816330841,0.03464566929133858,0.14986637660035054,0.10739066793735913,0.1309577057716549,0.1482285403720037,0.2049135624663197,0.12933879074068586,0.13088073564094674,2.22027972028,1.7133858267716535,0.04566929133858268,0.0
113711140.87405491,0.7538461538461538,0.41334208450215454,2.122937103123198,0.4298245614035088,0.011,0.12714986637660036,0.15810739066793736,0.12113095770577166,0.14514822854037202,0.14720491356246632,0.19412933879074068,0.10813088073564095,30.303030303,0.037,0.727,0.0
77259282.62167001,0.18292682926829268,0.2348455665689924,0.09952978773638249,0.15463917525773196,0.0898876404494382,0.2823275265885011,0.10290008304121277,0.13619248267085138,0.06904660930944238,0.2600809540849715,0.09206886897517687,0.06863068405320945,2.54285714286,0.21348314606741572,0.5393258426966292,0.0
112678990.07375312,3.509727626459144,0.018402720850113602,12.107456759303906,0.7782571182053495,0.989,0.15228232752658852,0.15510290008304123,0.13813619248267084,0.13906904660930947,0.13226008095408498,0.13809206886897515,0.1460686306840532,7.87401574803,0.005,0.015,0.0
77408495.78325105,52.270114942528735,0.1384034128501708,4.434489993981682,0.9812277484086741,0.019,0.10615228232752659,0.15515510290008303,0.12713813619248268,0.1351390690466093,0.1841322600809541,0.14613809206886896,0.14714606863068405,6.84931506849,0.019,0.118,0.0
147603020.57875395,0.9778038908473691,0.11999754429517057,17.13506397147575,0.4943886981779773,0.016,0.09210615228232753,0.11215515510290008,0.10812713813619249,0.1891351390690466,0.18018413226008095,0.17914613809206886,0.14014714606863068,27.027027027,0.927,1.127,0.0
194713520.89540195,1.1393179806616456,3.487264761468522,8.05855901934468,0.5325613073701548,0.002,0.21309210615228233,0.1051121551551029,0.15010812713813618,0.13518913513906905,0.17318018413226008,0.06717914613809206,0.1571401471460686,6.89655172414,0.062,0.0,0.0
153885900.127872,1.0560251147065927,0.07972660256596088,3.059368009731837,0.5136246182757811,0.577,0.1652130921061523,0.1241051121551551,0.10815010812713814,0.10713518913513907,0.18317318018413226,0.14806717914613807,0.16515714014714605,19.2307692308,0.103,0.348,0.0
128931209.937433,10.15,0.0,0.034176364296420646,0.9103139013452914,0.0,0.0816708449432579,0.13968833553245402,0.021728433492688982,0.23739480763010076,0.003591630984002593,0.0813346505714929,0.4542187674538656,6.375,0.0,1.196078431372549,0
77778513.58952808,0.7272,28.51876562859188,10.521939315001063,0.4210282538212135,0.065,0.08908167084494326,0.23813968833553248,0.08902172843349268,0.1052373948076301,0.151003591630984,0.24808133465057147,0.08045421876745387,20.4081632653,0.165,1.975,0.0
113062459.33020091,3.1245077069785734,9.297770508687305,12.390404456961946,0.7575468223012355,0.101,0.132,0.138,0.17,0.197,0.088,0.104,0.171,6.13496932515,0.802,0.185,0.0
88541968.60967493,0.36703821656050956,0.06830659059165235,0.7640580061894828,0.2684915550378567,0.24889543446244478,0.04437702503681885,0.04880412371134021,0.10481590574374079,0.10191016200294552,0.17096907216494844,0.319740795287187,0.21085567010309278,8.59493670886,0.3446244477172312,0.9263622974963182,0.0
71460275.89420605,0.11235955056179775,0.0,0.07012567384177011,0.10101010101010101,0.017241379310344827,0.10421339698339342,0.08704834696054035,0.20870372251282313,0.07072258900005078,0.26156843227870596,0.005512772332537707,0.2794975115535016,6.44444444444,0.0,0.8275862068965517,0.0
120799669.32328796,2.171787997525263,0.8096446004189932,65.85800809362233,0.6847204161248375,0.003,0.054104213396983396,0.10008704834696054,0.16320870372251284,0.11907072258900005,0.2182615684322787,0.27000551277233253,0.0762794975115535,40.0,0.066,0.85,0.0
85703578.38091993,0.17959183673469387,0.030243778019157404,0.0030243778019157404,0.1522491349480969,0.0,0.018034737798994466,0.03336234944898685,0.3877362345741709,0.03969024086300001,0.0727538561440929,0.09000183759077751,0.6920931658371844,1.5,0.0,0.3333333333333333,0
86979004.01195598,0.785024154589372,0.0,0.5046183328791256,0.4397834912043302,0.5610236220472441,0.1161772337358248,0.12014441407371848,0.1484010555798704,0.17330647685209252,0.15762353121288206,0.1497834681842338,0.13718915977527005,10.8085106383,0.0,0.001968503937007874,0.0
93715173.38432097,0.33676975945017185,2.789797965029869,3.781808080817093,0.2519280205655527,0.359,0.13911617723373582,0.19412014441407371,0.20814840105557988,0.13617330647685208,0.11815762353121288,0.10614978346818424,0.09913718915977526,33.3333333333,0.832,1.617,0.0
73214653.45995402,0.2857142857142857,0.0,0.06726522311129562,0.2222222222222222,0.38596491228070173,0.24805466977603044,0.33673894990200126,0.23172190177290491,0.055020584324155304,0.0371606600619511,0.0018622769029506007,0.10700240682736446,6.33333333333,1.0,1.280701754385965,0.0
134352551.39106488,9.747592067988668,0.10353655256989121,8.242409902411774,0.9069559028967553,0.05,0.13024805466977601,0.151336738949902,0.1122317219017729,0.06705502058432415,0.20903716066006195,0.16500186227690294,0.16610700240682735,23.8095238095,0.241,0.928,0.0
108563706.0905621,1.516541156194972,2.6254962202766876,16.258339582913745,0.6026291890604296,0.046,0.062130248054669775,0.1331513367389499,0.12311223172190176,0.12406705502058432,0.25520903716066007,0.2121650018622769,0.09116610700240682,7.40740740741,0.344,0.055,0.0
128010334.08701992,1.014258718433259,0.002024836524712129,24.728653530800994,0.5035394456289979,0.084,0.05906213024805467,0.08313315133673894,0.0841231122317219,0.10512406705502059,0.32325520903716065,0.24121216500186227,0.1050911661070024,10.2040816327,0.033,0.023,0.0
231840470.57156205,10.66326530612245,0.7211165487537061,6.787812309560725,0.9142607174103237,0.079,0.19905906213024804,0.10308313315133674,0.17308412311223173,0.152105124067055,0.07832325520903716,0.14524121216500185,0.150105091166107,3.367003367,0.001,0.649,0.0
93716696.32717705,0.3561643835616438,2.898540074990098,3.855500824939119,0.26262626262626265,0.366,0.15519905906213022,0.16910308313315134,0.21617308412311223,0.12415210512406705,0.12307832325520902,0.126145241212165,0.08715010509116611,34.4827586207,0.858,1.555,0.0
133228915.41681194,1.097902097902098,0.01167314163846861,2.2269760214722893,0.5233333333333333,0.65,0.14015519905906212,0.14716910308313316,0.12321617308412311,0.13312415210512407,0.17712307832325522,0.11012614524121216,0.17008715010509115,3.06748466258,0.108,0.061,0.0
116194870.61633801,1058.3168316831684,0.5026590217811865,104.23110706831038,0.9990559953640961,0.062,0.10814015519905906,0.07914716910308313,0.10512321617308414,0.20813312415210514,0.19417712307832327,0.15011012614524122,0.15617008715010508,52.6315789474,0.573,0.161,0.0
85445036.5259049,1,0.8989357734865403,0.8989357734865403,1.0,0.0022497187851518562,0.13397991018582572,0.1654433601452228,0.17672117347151076,0.1464658415344793,0.10820492364800711,0.1430259956424581,0.12728478075045005,6.68421052632,0.02699662542182227,0.0022497187851518562,0.0
77981239.80026388,0.5685417804478428,0.0,6.8815320373783555,0.36246518105849584,1.115,0.12113397991018583,0.1541654433601452,0.13217672117347148,0.14014646584153448,0.147108204923648,0.18114302599564247,0.12512728478075044,13.3333333333,0.876,0.0,0.0
165015991.6747141,2.9611553784860556,0.6701895911882482,18.480477977015944,0.7475484033190848,0.049,0.11612113397991018,0.2661541654433602,0.12613217672117347,0.18014014646584156,0.10314710820492365,0.16718114302599565,0.04212512728478075,90.9090909091,0.016,1.176,0.0
214371406.33343792,0.9966898279306952,0.4864678633389808,5.674786674244283,0.49917108505712793,0.449,0.1151161211339799,0.17226615416544336,0.16112613217672117,0.11818014014646584,0.15710314710820492,0.128167181143026,0.14904212512728476,3.4965034965,0.02,0.542,0.0
90755469.26311994,1.3969338443592734,10.894788027962965,41.192466199050116,0.5828003337041157,0.023,0.215115116121134,0.13317226615416544,0.1651611261321767,0.13511818014014648,0.15015710314710823,0.06212816718114303,0.14014904212512727,21.2765957447,0.103,0.33,0.0
71270975.07673907,0.508298755186722,0.5721936588645011,2.06935291457988,0.33700137551581844,0.76,0.21421511511612112,0.09913317226615416,0.17916516112613218,0.12813511818014015,0.13115015710314712,0.11506212816718114,0.13414014904212512,20.4081632653,0.025,0.223,0.0
190111451.5426941,24.66015249093197,0.09589322395924123,0.3585770317717598,0.9610290702538347,0.16610738255033558,0.05201342281879195,0.06040268456375839,0.06375838926174497,0.5604026845637584,0.15436241610738255,0.07046979865771812,0.03859060402684564,8.76470588235,0.5486577181208053,0.28187919463087246,0.0
70874777.16812992,0.24199743918053776,0.01950482322816558,0.0475430066186536,0.19484536082474227,0.0,0.155179831354328,0.07847186370676304,0.02727585613491654,0.29642058165548096,0.20908621579762518,0.07872999483737739,0.1804766821545345,3.0,0.0,0.1282051282051282,0
147469129.25519204,61.929577464788736,5.070251677597636,28.268967349674824,0.9841092211280215,0.056,0.12215517983135434,0.11907847186370676,0.12202727585613492,0.10029642058165548,0.17020908621579764,0.20807872999483737,0.15918047668215454,3.87596899225,0.095,0.256,0.0
153037710.58266902,8.445812807881774,0.05081100579977315,3.7481585278299328,0.8941329856584094,0.015,0.00012215517983135433,0.00011907847186370676,0.4441220272758561,0.09710029642058166,0.0961702090862158,0.00020807872999483736,0.36315918047668216,111.111111111,0.455,0.953,0.0
147401672.98326302,1.013133346425766,7.124109100981752,23.83651643084778,0.5032619166656505,0.058,0.15500012215517983,0.07400011907847187,0.13444412202727585,0.22909710029642058,0.1400961702090862,0.16700020807873,0.10136315918047668,27.7777777778,0.657,1.12,0.0
108007398.70187593,0.17857142857142858,1.276712536894058,0.07519484866418637,0.15151515151515152,0.14893617021276595,0.13994680981016147,0.17100000126679224,0.16100472470241783,0.18328826702443002,0.16106485287456473,0.12943617242636946,0.06490811871468592,1.74074074074,0.3191489361702128,0.6063829787234043,0.0
114324936.64698792,2276.5454545454545,0.02569518152518824,30.58633490257113,0.9995609308266475,0.034,0.012139946809810162,0.07417100000126679,0.27116100472470245,0.07618328826702443,0.13416106485287457,0.0071294361724263695,0.4260649081187147,66.6666666667,0.973,0.937,0.0
74859775.72762108,0.6435643564356436,0.12234073520769068,5.544574452242887,0.39156626506024095,0.032,0.18901213994680982,0.12907417100000126,0.1472711610047247,0.13807618328826704,0.1571341610648529,0.13000712943617243,0.11042606490811872,15.1515151515,0.308,0.918,0.0
144761784.6092441,0.9099039417025505,13.813921991897733,24.69913734243698,0.4764134582032605,0.002,0.18318901213994682,0.115129074171,0.10214727116100472,0.09713807618328826,0.16915713416106484,0.15313000712943617,0.18111042606490813,9.52380952381,0.413,0.647,0.0
81691884.40780401,1.2171945701357465,0.0,0.05076636473823119,0.5489795918367347,0.1875,0.14964977108624888,0.1273985223785625,0.12712806814918762,0.16869037658715183,0.14935744029502218,0.1490235418151966,0.1496064672096856,1.02127659574,0.0,0.0,0.0
222245552.81188512,1.8859458677087857,0.18466061291555927,23.724029269835796,0.6534931541200663,0.302,0.18414964977108625,0.11712739852237856,0.1451271280681492,0.10116869037658716,0.15114935744029503,0.1681490235418152,0.1341496064672097,6.36942675159,0.105,0.876,0.0
120982641.30259895,6.791666666666667,1.842512261262818,6.186699116015423,0.8716577540106952,0.022,0.1641841496497711,0.13211712739852238,0.12014512712806816,0.13710116869037658,0.17315114935744028,0.16816814902354182,0.10613414960646722,3.0487804878,0.021,0.463,0.0
249179424.35717392,1.1237901171676006,2.3810505282713508,2.7655830804561368,0.529143679539458,0.27,0.13316418414964978,0.24413211712739852,0.13612014512712806,0.10313710116869038,0.09317315114935744,0.17216816814902353,0.11910613414960648,10.0,0.481,1.639,0.0
168779684.5028119,0.8798543689320388,0.0353217866093397,12.276624441524413,0.46804389928986445,0.834,0.18113316418414965,0.14424413211712742,0.16313612014512713,0.1241031371011687,0.09809317315114936,0.11417216816814903,0.1761191061341496,3.98406374502,0.62,0.088,0.0
270541203.6502781,1.0634732762421963,1.365902106644302,1.1471406048787312,0.5153802031199037,0.181,0.20718113316418413,0.22914424413211715,0.14716313612014512,0.16312410313710118,0.13309809317315113,0.055114172168168156,0.06617611910613415,3.7037037037,0.426,1.003,0.0
72414001.05587292,0.8790983606557377,0.47844891174108256,0.7898583031735578,0.4678298800436205,0.07131782945736434,0.1321041567956034,0.14299092130873195,0.17232118315677541,0.12738468853199553,0.13509007456305913,0.15357382042196616,0.13808709475830408,2.72151898734,0.45891472868217054,0.6248062015503876,0.0
115467814.497298,1,0.008230865060862824,0.36515110451827804,1.0,0.5184426229508197,0.10887726261638443,0.24824383385514082,0.10076295324417373,0.2523102145256803,0.01667026654623578,0.022855684058241735,0.2523321456859801,1.0868596882,3.848360655737705,0.09016393442622951,0.0
109100870.37463498,0.20461095100864554,0.06177035963928301,0.06018650426391678,0.16985645933014354,0.18421052631578946,0.10669575345547876,0.10852952412967291,0.11974688096373914,0.1612146080858642,0.19758776666508204,0.19766915373760846,0.12174121244323657,1.55102040816,0.868421052631579,0.9868421052631579,0.0
105714253.72871208,0.9512347184950258,0.00899027299042334,28.25561071135597,0.487503993998583,0.1803921568627451,0.15707195245775585,0.14335005789045033,0.08650930760973283,0.14933571491781542,0.06313252503267663,0.19254444932105413,0.2100426298283201,9.27272727273,1.0686274509803921,0.3235294117647059,0.0
123358735.34609103,1.2099552478257198,0.1505852013469805,82.82746391112197,0.5475021492024071,0.876,0.16415707195245777,0.022143350057890452,8.650930760973283e-05,0.18414933571491782,0.22306313252503268,0.18119254444932104,0.2262100426298283,166.666666667,0.046,0.079,0.0
74424571.46755505,0.8587460721232979,0.02786176606880395,1.6368787565422322,0.46200289808404443,0.921,0.13916415707195245,0.1450221433500579,0.14100008650930762,0.15318414933571492,0.14322306313252503,0.1431811925444493,0.1362262100426298,12.0481927711,2.054,0.044,0.0
73255994.09799099,0.08888888888888889,0.020050236408439937,0.015332533724101127,0.08163265306122448,0.23076923076923078,0.7030126274670733,0.011155549488465992,0.3185384681930237,0.011783396102747302,0.011017158702501926,0.011013937888034562,0.010478939234048447,6.5,0.0,0.8461538461538461,0.0
138031295.04104495,0.9933044017358958,0.2322255977564241,20.728168921034996,0.4983204777307788,0.967,0.16170301262746709,0.13401115554948848,0.13431853846819303,0.15301178339610275,0.13101101715870248,0.14201101393788804,0.14501047893923405,34.4827586207,0.018,0.056,0.0
136740458.49791503,0.9189169982944855,0.046757192934946075,1.0457183014504832,0.47887271784616525,0.076,0.088,0.127,0.136,0.127,0.253,0.127,0.142,4.97512437811,0.084,0.424,0.0
130084110.425426,0.8893233082706767,0.0345376540248212,8.059228729561163,0.47070996497930595,0.979,0.13008799999999998,0.135127,0.132136,0.148127,0.146253,0.149127,0.160142,2.53164556962,0.007,0.008,0.0
71734483.45494199,1.3323076923076924,0.0012044416553758242,0.04215545793815385,0.5712401055408971,0.029411764705882353,0.23912023529411766,0.03338608823529412,0.12153341176470589,0.004356676470588235,0.12194861764705882,0.12203314705882352,0.387063,2.42857142857,0.20588235294117646,0.35294117647058826,0.0
125801905.5580051,45.361111111111114,0.010301910724257167,4.773905429620771,0.9784301977231875,0.009,0.1262391202352941,0.13303338608823528,0.14912153341176468,0.1460043566764706,0.09312194861764707,0.12112203314705883,0.232387063,3.663003663,0.069,0.231,0.0
92557907.4115119,1.018735362997658,0.9661411164193832,0.5320777162889356,0.5046403712296984,0.1863799283154122,0.12029791957031415,0.1453997014087603,0.09704143643980603,0.19201792895461733,0.1793783547466266,0.11849663446800549,0.14916198398387098,3.34131736527,1.017921146953405,1.0340501792114696,0.0
116369039.00088906,0.9346801346801347,0.06013970777868615,4.101379577400769,0.48311869126348767,0.993,0.14112029791957031,0.14114539970140877,0.1420970414364398,0.14819201792895462,0.14117937835474664,0.145118496634468,0.14214916198398386,18.5185185185,0.003,0.0,0.0
163493009.3573091,2.2960096263293117,40.60709400418899,60.49315526626123,0.6966028278522728,0.548,0.14414112029791956,0.05214114539970141,0.055142097041436446,0.07914819201792894,0.23814117937835477,0.25214511849663446,0.18014214916198398,83.3333333333,0.941,1.959,0.0
179555463.29193497,1.1534748063964597,0.11115451256167076,7.223118563044329,0.5356342237997385,0.048,0.10614414112029792,0.1420521411453997,0.14505514209704143,0.13007914819201793,0.13123814117937835,0.16225214511849662,0.18418014214916198,10.8695652174,0.54,1.134,0.0
71027986.33456612,3.0210526315789474,0.07906742524765828,2.7357329135689765,0.7513089005235603,0.026,0.1191061441411203,0.1151420521411454,0.13014505514209704,0.031130079148192016,0.21613123814117938,0.2391622521451185,0.15018418014214915,71.4285714286,0.097,0.625,0.0
233223393.612154,1.1012318670729484,5.044186956461013,53.53928783304216,0.5240886949839492,0.21,0.1321191061441411,0.11111514205214115,0.004130145055142097,0.1380311300791482,0.24021613123814117,0.17923916225214512,0.19615018418014216,142.857142857,0.163,6.242,0.0
170361702.5446651,1.01874827904566,0.7739204177384454,17.33967174474276,0.5046435405642855,0.012,0.18513211910614416,0.19311111514205215,0.12700413014505516,0.10513803113007916,0.05724021613123814,0.17517923916225214,0.15819615018418015,13.8888888889,0.252,1.058,0.0
105532244.619241,1.4173098603763767,3.471318186415305,8.115843674984651,0.5863169979192079,0.447,0.11018513211910615,0.12019311111514204,0.15112700413014504,0.12410513803113009,0.14305724021613123,0.20417517923916226,0.1481581961501842,4.69483568075,0.047,0.411,0.0
75055901.90882993,0.9136751437839017,0.0023022839724169777,15.315944126503945,0.4774452689902716,0.0,0.11018513211910615,0.12019311111514204,0.15112700413014504,1.12410513803113,0.14305724021613123,0.20417517923916226,0.1481581961501842,1.0,0.0,0.0,0
74751909.92388797,0.4926022628372498,0.11904980098918037,0.11673815436803124,0.33002915451895043,0.019801980198019802,0.2981206448724664,0.02099201100114002,0.11040719806069452,0.2883574766141696,0.17963423010114982,0.051526486923160024,0.07077384352623946,4.80952380952,0.019801980198019802,0.3465346534653465,0.0
124450693.5119791,2.451029567053854,0.026381532375180962,7.625651358131255,0.7102314017976669,0.017,0.13729812064487248,0.13402099201100115,0.1381104071980607,0.12228835747661417,0.13317963423010115,0.17505152648692315,0.16107077384352625,2.53807106599,0.041,0.0,0.0
182086457.6315,7.2254758418740845,0.027520992308727787,6.689973630357812,0.8784264862940548,0.03,0.16213729812064487,0.14413402099201103,0.07513811040719807,0.1141222883574766,0.17213317963423008,0.20017505152648693,0.13316107077384354,4.69483568075,0.429,1.068,0.0
81224114.12521505,1.2919708029197081,0.0010637235127834797,3.7496253825617654,0.5636942675159236,0.106,0.10716213729812064,0.202144134020992,0.13607513811040717,0.09111412228835748,0.09017213317963423,0.2602001750515265,0.11413316107077384,5.95238095238,0.233,0.51,0.0
183945526.37085795,1.2913311226906679,0.0,8.99342774264983,0.563572462270002,0.614,0.16210716213729814,0.10820214413402099,0.10313607513811042,0.15109111412228837,0.15609017213317963,0.15926020017505152,0.1611141331610708,47.619047619,0.177,0.001,0.0
102163237.93646193,1.088189511221804,0.15730120075084753,90.05747454600136,0.5211162614187742,0.03,0.6361621071621373,0.001108202144134021,0.00010313607513811042,0.00015109111412228837,0.00015609017213317962,0.014159260200175052,0.34916111413316103,200.0,0.693,1.103,0.0
126044560.88003111,1.2928411783227431,0.015080380991681002,25.314475910126337,0.5638598916251499,0.001,0.13763616210716215,0.17100110820214415,0.15100010313607515,0.1330001510911141,0.08500015609017214,0.11101415926020017,0.21234916111413316,7.35294117647,0.068,0.028,0.0
190993039.0857041,1.1373554913294797,0.2135198235245656,3.1629885722113618,0.5321321118285386,0.075,0.137,0.149,0.153,0.099,0.132,0.177,0.153,3.42465753425,0.672,0.812,0.0
191969682.05927396,27.8394616678683,15.66967433467539,1.4073722324370963,0.9653252889559254,0.279,0.162137,0.135149,0.107153,0.094099,0.15213200000000002,0.15817699999999998,0.192153,5.26315789474,0.152,0.699,0.0
117749585.76300001,2.3979084343916064,0.222329444561207,1.1167835466077791,0.705701310288825,0.033,0.166162137,0.126135149,0.124107153,0.142094099,0.17215213199999999,0.12615817699999998,0.14419215300000002,2.12765957447,0.109,0.69,0.0
198802418.32154703,0.9182172219818261,0.0,7.818061838091554,0.47868260771486576,0.0,0.15716616213700002,0.154126135149,0.13112410715300002,0.121142094099,0.135172152132,0.145126158177,0.15714419215300002,22.2222222222,0.0,0.0,0
160621381.26800203,1.6308368007397134,18.675192407883795,20.625119606414206,0.6198928037958,0.03,0.168157166162137,0.142154126135149,0.195131124107153,0.140121142094099,0.156135172152132,0.068145126158177,0.131157144192153,50.0,0.061,1.379,0.0
101964662.80183291,0.30744092508798393,0.0008473523829320885,0.01101558097811715,0.23514708709863488,0.0,0.012935166627856692,0.5493964712411653,0.09193316339285793,0.24154778016108452,0.012010397857856308,0.08216500970447514,0.08701208801478101,2.16666666667,0.0,0.8461538461538461,0
144680429.4468701,1.2268365553602811,0.7207941004785013,2.4848585352866976,0.5509324662410128,0.001,0.15701293516662787,0.13954939647124115,0.14909193316339286,0.12124154778016108,0.15301201039785786,0.10908216500970448,0.17208701208801477,2.19298245614,0.23,0.172,0.0
237782988.30437708,1.363262556173727,0.0018167826179685024,17.725257933947898,0.5768561570158062,0.093,0.05915701293516663,0.12813954939647124,0.14314909193316339,0.12612124154778015,0.15215301201039785,0.1471090821650097,0.245172087012088,11.1111111111,0.123,0.0,0.0
167921656.13388205,0.9029472498592078,0.051452565433915354,5.507997129700639,0.47449935878465027,0.002,0.08005915701293517,0.06912813954939648,0.07714314909193316,0.08212612124154778,0.0601521530120104,0.05914710908216501,0.5732451720870121,45.4545454545,0.169,0.045,0.0
151326696.76143193,21.835405896325277,22.885394805516203,19.684077322430372,0.9562083544938904,0.493,0.16808005915701296,0.1830691281395494,0.16207714314909194,0.11108212612124155,0.11506015215301202,0.1450591471090822,0.11657324517208702,9.00900900901,0.7,1.554,0.0
183892957.56005,0.8941224656973172,0.0,1.4818707775201976,0.47205103254405884,0.002,0.148168080059157,0.14518306912813955,0.14816207714314908,0.14011108212612122,0.138115060152153,0.13414505914710906,0.1471165732451721,6.75675675676,0.006,0.0,0.0
73671220.22954607,0.2,0.0,0.03401056738564948,0.16666666666666666,0.6551724137931034,0.039592002760660584,0.2463856230733841,0.41890214059114306,0.07379693386641797,0.21165914000524663,0.039108450315417556,0.005072985284316279,2.63636363636,0.7931034482758621,0.3103448275862069,0.0
229818078.61862493,1.0318057455540355,3.5632497013384863,46.278260021699055,0.5078269651573809,0.471,0.053039592002760656,0.23224638562307337,0.13841890214059113,0.09007379693386641,0.16921165914000524,0.2150391084503154,0.10300507298528432,41.6666666667,0.979,2.303,0.0
132919324.22740412,1.1475067374699006,0.005850165162363061,1.1180315643627183,0.5343437193691152,0.01,0.11805303959200276,0.15123224638562305,0.1581384189021406,0.12909007379693385,0.15616921165914,0.1392150391084503,0.1491030050729853,2.80898876404,0.036,0.05,0.1
81519854.2728641,0.9870883882149046,2.1324473841443785,3.927857855685421,0.49675112293401946,0.297,0.13011805303959198,0.12415123224638563,0.14715813841890213,0.17512909007379693,0.18115616921165914,0.14513921503910845,0.09814910300507299,5.74712643678,0.103,0.674,0.0
79209412.63545704,2.896551724137931,0.0,0.014180132923965333,0.7433628318584071,0.0,0.08693215792612247,0.08647317171126043,0.3959352414168386,0.32116377615952285,0.16778124378551226,0.011164555003008343,0.00754993100039023,1.625,0.0,1.0769230769230769,0
151537621.46150398,63.68292682926829,0.08609347219636977,0.3033226967448259,0.9845399698340875,0.009746588693957114,0.19510123227665913,0.13467148766415452,0.08654178409632912,0.10004125492428757,0.10169158137190158,0.11113287437622418,0.27291920064522496,2.29017857143,0.12475633528265107,0.1949317738791423,0.0
149077600.0958259,0.8941363508837558,0.2642811527330398,3.200352029368083,0.4720549027352622,0.026,0.11619510123227665,0.18813467148766416,0.1570865417840963,0.13510004125492428,0.1411016915813719,0.1381111328743762,0.12527291920064523,3.89105058366,0.128,0.484,0.0
127551335.56342506,1.0116158277457739,0.0216759784426185,2.8348115556987006,0.5028871883949111,0.025,0.1621161951012323,0.18518813467148765,0.1641570865417841,0.10413510004125492,0.16414110169158136,0.15513811113287437,0.06612527291920066,6.09756097561,1.353,0.847,0.0
110282270.49016404,0.3280012670256573,0.0,0.2561862380455781,0.2469886702444842,0.04892966360856269,0.10141319937339827,0.015856844448536658,0.16258152014232963,0.10429399113162463,0.1014193917482923,0.43778329697594154,0.07971292132391193,9.08333333333,0.012232415902140673,0.0061162079510703364,0.0
77086811.91741705,0.599476439790576,0.012328957137547232,1.5399988279081724,0.37479541734860883,0.432,0.18810141319937337,0.13001585684444852,0.11316258152014233,0.1621042939911316,0.1251014193917483,0.14843778329697593,0.1340797129213239,10.8695652174,0.719,0.882,0.0
189343659.4632151,393.3265306122449,1.170899520102871,8.234626944573815,0.9974640306386502,0.015,0.059,0.324,0.047,0.04,0.259,0.194,0.077,9.09090909091,0.27,0.641,0.0
152639468.84180808,1.4826528525662872,0.0,4.9992626795029205,0.597205062735085,0.296,0.159059,0.15132400000000001,0.153047,0.14504,0.14625900000000003,0.123194,0.12307699999999999,5.15463917526,0.095,0.119,0.0
79802158.59425211,0.11570247933884298,0.21220478616501648,0.0508858415803866,0.1037037037037037,0.0,0.0884906170212766,0.10960263829787234,0.10963929787234042,0.4286178723404256,0.003111893617021277,0.0026211489361702128,0.2792144042553192,1.95833333333,0.0,0.7872340425531915,0
108886324.64831209,1.677037037037037,17.647174759606386,56.0337473021189,0.6264526840066409,0.286,0.1830884906170213,0.24310960263829787,0.08410963929787235,0.13542861787234042,0.09600311189361702,0.14100262114893616,0.11827921440425533,9.25925925926,0.59,0.825,0.0
178195855.19303012,0.37192118226600984,0.02569756740435739,0.14545792870390975,0.2710951526032316,0.0,0.14394362830205676,0.10747703200879433,0.16361369879765958,0.1671180953929078,0.19365334370631204,0.13380334207049646,0.09372759738134752,4.28571428571,0.01,0.043333333333333335,0
160534573.54022098,3.292115763422395,0.1210954099873659,26.42140385377674,0.7670146717565157,0.238,0.12514394362830206,0.1121074770320088,0.09616361369879767,0.1391671180953929,0.2681936533437063,0.1081338033420705,0.15209372759738135,12.1951219512,1.257,0.105,0.0
72314858.14376998,0.38082191780821917,0.0035843256372664325,0.10514021869314868,0.2757936507936508,0.3181818181818182,0.12642209026850343,0.024001221329909186,0.12609276833748634,0.2515814445238113,0.1735022006061785,0.0012287932197962556,0.3085465196317884,8.8,0.38636363636363635,0.8181818181818182,0.0
72049912.16588593,1.147769412293516,140.06290495907248,156.68098489848023,0.5344006697012504,0.056,0.1351264220902685,0.09702400122132991,0.08912609276833748,0.11425158144452381,0.3141735022006062,0.16200122879321982,0.08930854651963178,76.9230769231,0.377,7.479,0.0
124926584.97544694,1.6093660968660968,3.0866384450978663,2.5132969100348745,0.616765159476464,0.237,0.13613512642209025,0.17309702400122132,0.16608912609276835,0.13611425158144452,0.14031417350220063,0.1601620012287932,0.08908930854651963,2.92397660819,0.931,0.453,0.0
72014558.23709106,0.6340402392604676,0.010797816705893469,0.6082770077653321,0.3880199667221298,0.010917030567685589,0.31907453084371634,0.12483208957205508,0.07023163564649076,0.140035183955418,0.06580854623035415,0.1466379082996262,0.13556569718023256,14.3125,0.039301310043668124,0.22489082969432314,0.0
120194080.79340911,0.9483293870034202,44.71024832942256,27.752155330621832,0.48673976450253864,0.562,0.09131907453084372,0.17212483208957208,0.1520702316356465,0.15114003518395544,0.07706580854623035,0.07614663790829962,0.28113556569718023,11.4942528736,0.3,1.116,0.0
172279017.10422802,1.0288886305510347,0.9533743735061576,9.019192389865722,0.5071193238791004,0.057,0.09909131907453085,0.19617212483208957,0.08015207023163565,0.14115114003518398,0.13207706580854622,0.2320761466379083,0.12028113556569718,8.92857142857,0.853,0.938,0.0
152725370.10114193,0.8670406348337666,0.18781948265048284,26.69073250436681,0.4643930178364673,0.046,0.10709909131907454,0.08119617212483209,0.21408015207023162,0.11814115114003519,0.029132077065808545,0.1672320761466379,0.28412028113556576,15.873015873,0.232,0.831,0.0
82803525.05882597,0.2562814070351759,7.4344660998751,1.2364690987160691,0.204,0.101,0.19610709909131907,0.18608119617212485,0.10921408015207024,0.16111814115114004,0.1460291320770658,0.09116723207614663,0.11128412028113556,3.1847133758,0.076,1.342,0.0
93712882.97339296,0.3383947939262473,2.7437678987317415,3.7136750994930963,0.25283630470016205,0.349,0.15119610709909131,0.21718608119617214,0.15210921408015207,0.12516111814115113,0.11414602913207708,0.10509116723207615,0.13611128412028115,30.303030303,0.93,1.644,0.0
84150396.75612402,1.0902578796561604,0.0,0.0010267331270034953,0.5215901302261823,0.0,0.15119610709909131,0.21718608119617214,0.15210921408015207,0.12516111814115113,0.11414602913207708,0.10509116723207615,1.1361112841202812,1.0,0.0,0.0,0
72012477.42816305,0.6190053285968028,13.84560059046192,4.110487662298313,0.3823368074602304,0.014,0.13715119610709908,0.20221718608119618,0.16115210921408016,0.11612516111814115,0.1781141460291321,0.11410509116723208,0.09313611128412029,12.987012987,0.133,0.918,0.0
161054715.90099096,0.9124241624901082,0.046135873503808905,14.59181115469305,0.4771034482758621,0.036,0.2511371511961071,0.1532022171860812,0.11116115210921407,0.06411612516111813,0.17217811414602915,0.06511410509116723,0.18409313611128414,15.1515151515,0.861,0.986,0.0
160638542.36270404,1.0005506944869362,0.19470296194160208,0.4604025840387055,0.5001376357241168,0.8942420681551116,0.18478394494852657,0.15881692387448423,0.16816822697075115,0.19278979568174046,0.15296378156773915,0.08233268402478398,0.06132090850306849,1.96535796767,0.07873090481786134,0.6310223266745005,0.0
186007761.21721005,0.904422514619883,0.010218928433746085,5.17031329072853,0.4749064389214087,0.024,0.17018478394494851,0.1771588169238745,0.23716816822697076,0.11019278979568173,0.05115296378156774,0.08708233268402478,0.16806132090850306,16.393442623,0.622,0.904,0.0
260504050.03994298,1.6809472518470197,0.007296623602237858,212.595751933639,0.6269975101856043,0.25,0.32017018478394493,0.024177158816923873,0.00023716816822697077,0.12811019278979568,0.3260511529637815,0.20208708233268402,0.00016806132090850306,200.0,0.002,1.02,0.0
