2902050870
1709412055
2839808936
485478262
2871625730
2986595147
117477071
1028713375
2917092206
482130406
220135814
553045470
1361646512
345137689
1512735266
2232358323
967157659
2194868347
710254368
2811529146
382296252
1696089446
2975239690
537276964
2395707561
910439012
2888020251
1870269956
2924539976
2543194766
1586444120
1870037136
353532628
610394910
1892265386
1052391631
394999368
94395502
551341558
2917825358
393665744
2790402087
611255596
2883454981
374021919
1589409746
2787067866
135348838
1919328758
1601373115
1643309322
2535743228
394151982
450859578
2260150651
2160916070
1624215984
2803592354
300425246
158102435
2989052573
2782042310
1510562053
2535675871
365658546
1327917822
2972549610
1282963429
2935403172
2282994044
18161620
2529888170
1909465398
2584556881
603393454
599623323
270763523
2842052791
2223016597
1395813925
1423257230
2227338603
1705422452
337685953
353732603
2192989224
253016805
433914924
18775482
700230195
1345144159
2936609503
2494947765
272073894
2799114068
2457730477
1258029151
1723347230
2882405432
1864645394
2880121064
740651269
249033062
590373336
1257395636
2873778643
1850806376
2627418113
2960768369
1511359706
2722282156
2613029053
2457718496
2931069817
1066752427
2168150928
1285397804
94791258
2457698671
1104714380
1646672155
2683593474
2868728095
466952579
159566960
2524955240
2961693805
276023215
2973106667
744297242
599442192
746001751
2180728674
1702553983
2910864733
810703124
2797691509
126661339
1498715953
40982343
428925346
16273055
2942135742
1667624496
2156149074
2207121999
1426996178
2900485199
2930355061
969590202
1001043924
1217532498
2954959470
1355407920
2478564638
1641822331
483010845
347378971
2970125736
91104734
414476933
2210262875
2908724780
2912046018
1394627774
328988744
2808079818
316090229
2281203701
1348161558
270815541
264501955
1602399817
229637967
518863625
2286379487
812793462
77818394
437343526
617123058
316449512
2925268897
100076991
1114193222
2801568319
2812547337
614805780
707054570
1304646799
710944073
2885562973
280468029
603470397
2793864862
2161241040
357465672
519821448
2941428268
2946858502
1380789019
2949838501
1531796532
398372578
602548345
2769977664
2457790771
2739494656
2948950145
513573889
518635489
301789044
18735040
589607587
2810388769
1130915046
2273177111
534990145
2350149286
86903148
2846542088
603471405
1554911006
2934057673
316494094
2611822200
2478664034
64165626
2732163164
2875809689
585883778
2486964106
733730846
548323076
2277265762
892071500
2476926758
2932845692
376321244
2213141400
107244305
106741533
376347396
49728843
1259064578
1663215384
2945503111
287967492
1362295226
272280461
124058526
48202146
487400919
179853357
932162196
2932531110
2503747224
426664050
2900054341
889152942
315511675
2507911235
383034526
448254543
569175397
2856349747
2817180378
2406813345
2956420339
2970192340
244171914
2373978144
2871283105
831572306
844127136
2457757381
2897883062
2670014906
412550571
2301005997
2216309202
740524543
2760416927
826957699
225818852
2830802386
1456695704
19913832
17397044
2893363308
1001037098
1386715548
2852680922
2917137377
291562484
2360799988
382304101
1461842414
22870443
1312653865
78913863
2842959847
742853282
28486102
1923078816
798930060
20022678
2952034300
2328006899
1009959530
2487198952
1413509600
705774044
968483820
536967011
536878312
317848611
592381235
352635579
33248874
1256513484
1909393027
1248800516
37002399
1082480522
1599334908
1404961496
1645689690
371651542
101107997
853865598
37836873
383125681
2225022725
559896420
865439064
2545205341
2148194664
1732707362
797415955
2457804758
1529827560
1260172957
473817237
914823505
2595229650
453893040
2701629769
2514931595
1103196139
172350714
2910151292
1703998561
2883609752
2564043614
541444796
2616062641
2841484196
2478688204
2916922284
2885211894
2881597007
2404570400
2442398350
2886119631
383398764
1734597488
2567338518
2499400081
533180215
2991220288
1413658207
2574582346
2159076035
2589910802
2338261784
259772363
968773658
2900366466
2868842749
1071810859
2938600051
2259429926
29844579
1494820100
2398154828
2791275779
1584003421
570208228
277008545
2602072761
2793177413
1574628103
2909405432
11108762
568596598
2833217514
2457720703
20368293
2408318782
2963510121
380472404
1418574032
1355211312
347764186
1028429029
427702966
42938207
2290488126
2863188050
3031713437
986528852
21187828
939551466
461883480
2533717344
483854514
335942145
2933795780
700015385
37657280
316034613
67720549
179009913
43659743
1644264312
282144108
1349630060
313875877
2821856766
2500111174
2976307080
2400488484
2923716145
411816059
2563972543
378143228
758707261
2949572515
2904212502
2349021429
1052466169
2967609538
266441237
612935437
513704992
282964420
2457758402
2900009765
619013932
253998198
383506880
2594907655
2698853856
1223622002
2499906390
314475054
2309998992
62216714
587032811
1109642882
2937452101
253006112
161383584
336165225
2762472952
2457772746
2767426130
2647464001
1435660483
2369479759
2781655444
1147141513
776315299
27257191
2815535839
1068331230
1241669910
1226226493
2570664604
295597205
338235587
2479640204
2427079670
610714740
2955950376
380902215
2322092601
2835907256
2904166332
1436634930
2433516299
1495788583
932207280
2708324454
1653683192
2908056573
2517604193
252334813
94259353
598672276
467661762
632449785
165140243
1357544665
97351221
365659212
2849887542
2869578900
1633427036
201708187
2477385960
137543135
1901371220
2217930660
456847395
2188666014
143377881
2791551005
365273172
491190827
2426589290
1350737083
1429037576
2928715950
811744104
966842016
542923016
2492417791
246302074
2868704930
22152536
1949322637
2389683862
1909529023
326639353
253006101
31620465
19278548
370711867
2934896946
2914012705
495464885
312686933
2958968268
2485019736
1258517545
2834247073
2457684090
593365858
178658774
2958023719
1401657397
2970968894
2684858834
862208539
2659161595
1947390648
2707116211
2825954628
171977563
177620521
972315211
104674131
477598104
261673005
2965594570
228520352
213834767
350403646
137592851
1321318363
2949573595
1043578903
376941442
1379412954
2322937225
848115948
2830327314
2816375420
155428494
2891706204
2902660190
2934037284
2915821364
2277867536
2959098245
2425370141
2826649032
2214968033
384335447
2445176873
2904542125
421703480
552226968
1577411989
2942775194
848718450
1351991773
579300271
2531113333
188066062
2955629517
1939515006
1551904746
312201255
1488981242
2457781316
1640204113
2535981731
26276569
2931514278
253955504
1589477574
1689307574
435623421
2957447219
2738305651
1602397862
1909469287
560639624
561066071
441137397
2457789108
1676515614
360023919
1659293437
881305561
2880228151
2571378342
2230092545
20447743
1713909258
539863097
2339337113
2428078728
2877139003
2584598134
2453883296
1562034931
611932700
2887697550
981132763
562348172
2652478915
2320010671
454283397
2457765722
2904446250
2187927111
231760719
1158375098
445680675
2457714494
898260272
1321912609
1643514661
365661337
1198322438
944796493
1179484687
2466377712
460863346
1051959704
1280915412
2927125951
2778220164
107193200
2477868655
263491645
1307628798
64991683
2646672175
2907560398
2520195025
2766663458
2421375471
2253811279
2457760658
2987578880
549525791
2932319491
2909852271
1673200033
284120229
201671003
2184315619
2991210861
857843370
2663996766
2149378164
2924216888
2981209722
1033155762
625074194
1638161869
2457796034
346097645
1379023904
2854122878
452493324
2976961280
2832791329
801517230
2606672550
93178604
2178921761
1555951242
1136112013
2457806336
152851563
185585454
1426079358
607601108
2280736746
2834873507
3023846383
135730514
2276344081
367235254
2937806891
393918705
349421173
316234639
492991594
700758942
391605413
2603854207
389495030
2590992138
2463218067
1853756491
316575702
2346530153
2659557929
2218702348
316186204
16026430
2539577030
1616704616
2840325871
624589916
2950268369
1292517338
2461553489
755251897
47327127
1870049382
1357433216
997591753
2790916026
2704066657
320789821
2842652692
2457717590
251908184
68269425
2457765896
2965073119
306287740
1455598992
2898837351
502837139
1470906260
2533402194
2619769154
2193863374
557977444
2993944044
1490789082
2888575512
933653886
1623323936
356594315
2259660881
578357739
2787331117
473495352
2864453005
2504889621
2285259842
2847261531
2431345865
200209602
463296640
383415780
381107116
1369206661
455880298
67616992
2958729194
2185613110
1061393238
1266365802
742831633
707659090
1357388773
1548550122
2734113210
2922724076
544961518
1927613048
768228625
923257237
1669598640
331104672
205314776
2579245153
2541233719
1906696458
1914194593
2253700424
2837488662
720335136
1891068984
2878600976
2870472895
2935259346
1569296148
1331359927
1860041456
612658704
2468404567
2962020682
2170005286
2533451341
2990812511
1431873422
1601930640
535463418
354452347
759411782
2926907979
395019417
1733441736
29791700
425692880
2500032236
198477011
2514712980
486023178
274036193
2931620178
2952535466
2918128490
2782668439
24286362
1566631376
246607859
2457764876
2937480635
1011998636
2429803048
706019779
1482708744
539229236
610659210
2911012482
2935614522
705639069
121479089
520857896
756663138
239114352
2792409146
2325542810
2983593554
1897925882
2816647459
915900944
810740527
937964209
101245485
607280726
584065359
247901452
2714859414
2685554796
161798112
2912115014
175044831
256260356
2457766981
1099847616
323700231
2782292576
577408522
1527563317
2886736542
999323954
2160355129
829388270
1658369358
387219554
634180781
2645688612
228834506
316572288
2445334946
2904420222
1405282514
1231435333
709052417
1679706217
2721095263
2523081925
15154258
2212074168
736714662
445735069
711575968
2801277458
258455503
2840649806
500187837
21341080
2411303512
817117057
759852722
959230483
590898197
2356139570
1532139534
2746328558
1444443684
452414151
1054235779
1646077194
2174445987
1375804632
272514968
1239414282
2518383071
324290092
585041307
2856889981
635751460
2874271780
2851112132
720183165
2906284543
2561349948
1062668172
100784901
460685250
2867035654
24935003
2903795119
250364034
1272887041
1527845785
1046944422
316605360
890684719
318072677
2330030217
1106518777
2580781549
443896459
884933838
1340204916
1897032030
2457773827
2708799843
2330256478
1284915781
2458392152
2758409042
354680596
2936117557
2511343733
2172447719
2939890280
2928950712
1108807484
1062548725
314485379
1413575155
2993049248
2528894960
402481032
316152343
2219336290
2985373891
2180345493
2858307260
2864827684
634681033
2896060921
2518859994
1384900278
2457790921
583953432
598087138
2994979524
2712009248
803450600
2478809144
1386787135
1902302036
2975239700
1571189186
2318393475
273566193
1919464574
2858224494
2783752108
959803442
2685973747
1735231969
1667803190
562354904
316330694
2949363273
2899109852
1365245461
2353876721
2567681756
1059990984
2185193859
1109024023
366721494
2433103925
1688114814
2647353709
2909817873
19503822
2857027542
1719493286
1325905592
1008219548
2626094719
2954082709
2927155113
2457673932
1149000794
2649468764
2967088551
2935607869
1631266938
1059356976
2488073352
2441600063
2634921518
1381015116
2937809428
367596381
1525539848
2373887318
2800555387
35737385
570366625
2457702889
1974647838
494088076
2734148340
2234726007
2712980610
1368645133
2964047767
2864051532
1868876268
2875610756
112188411
299403492
2920814448
2479284183
973372476
902814038
1483498459
1309546218
2934168815
2208459456
2357757877
2858205811
1564520352
2315956646
346924655
2884484631
2863844222
2477390408
302231807
634852115
2689100496
2350273690
2569824849
365659990
2203189291
2881191636
18363425
889589047
2457693835
208597380
494204903
444781171
315819967
2150582208
2457777872
2949262586
264977587
2875788792
141182855
430989093
60652335
2938446435
2457798937
221887184
2714440388
2556969614
2937104625
379633367
2680669691
2877736374
2450853622
2832440197
2782047403
382521681
1882185054
2571293912
1595015726
2893300321
113931336
2325310911
1429857379
2293583151
370634642
729464000
346912638
1733292594
406620575
462703102
587729400
2968754999
2938796185
1643787110
328902453
1644541920
174618314
539097209
1914711504
756909073
2878332230
1106241368
118615497
628962699
436589578
2535547950
417228104
1612337226
568925231
26582238
2589094813
2951147807
1519756656
2851138729
2562741204
2409988830
582174341
2856062719
632469993
2478982890
2921042743
101959854
2964480288
1201918596
611634600
1537306087
921350485
1909529869
857608699
316480694
304168251
2837873233
363094289
2952585944
346967563
813655189
617612515
2931563174
327974087
630725899
2923115072
2932357235
2608810107
246221893
2908671409
404102292
1579385725
251113918
157851427
464851117
2834789029
1356772674
2820137525
2970279643
548085414
2757377005
831067273
134234167
2300797864
2897223654
1260242888
2720124552
361394397
2862539192
1974404924
2899968704
2769067553
2833107998
2507109103
24413004
24960832
789151153
2918611802
2786421238
2406606868
2488899397
2981989798
2472303411
1744386709
102031009
2840891562
2457771908
351541320
980392262
2931997704
37125480
1631240347
354175547
576543014
1548154249
2944768322
2857747460
878780569
2974470972
2423097876
1096617576
918933145
795475314
254555458
61987336
2813838570
120207925
2329592005
2944916940
921601674
400066697
708390211
448404565
2501570325
1883868450
55920570
400158048
503780834
2568153867
365657821
2766974731
834589196
2813349107
1232773789
440630449
134001024
2918204962
1468624261
316602197
485185324
411978303
491496269
365101425
2319213642
2457760514
1420759530
385889844
2323150141
2880918642
151663276
2503473893
2922069404
2943090348
523368592
768374784
2756811728
741616237
930737618
107229597
413185633
936784291
2457770472
1267781006
2936890818
256434584
2938935944
1531423106
517253806
2857633071
2880283597
2188082667
2896396856
2954495118
1592541440
2832533941
2878813023
574794889
360938243
2903598104
1246511034
1401550826
17903611
1720635902
2746499673
2196544230
1262963400
593992569
544265817
2559561973
1749384817
1607336983
2455104490
89476066
955026480
1129536655
2582897820
160858379
746095436
2316607891
520236079
2834830362
312781892
326565179
2457720660
425500648
2906518495
457886343
1773337333
937062674
27845072
274196613
473122051
578453134
380348172
2359673218
282270716
2254307961
219495794
421417889
552520021
2955182857
524361644
226283041
2839083286
163281459
2872324619
2821529713
339978546
941564509
1372383781
2528769468
122790138
814088000
2928996750
1133482206
465086284
2931939942
903612638
2518930284
2771342342
1161916705
190440525
2935443072
14367719
2942092880
2241501530
723405619
524498244
1309859875
1036032722
2929151211
2964743497
1878918865
1632289146
448328126
713028718
358090338
2492938695
872860904
288113512
1885291237
1424220828
2815518255
2940209538
2554509081
1428957157
1136136391
2899353972
393971989
23230387
1602998425
2457745346
14782003
2966255717
2920657124
80120660
968732323
704020713
1008865423
240696820
2847131087
1361644345
1416758442
61180382
1696692523
519758507
132121530
2715356792
360120577
246920649
2967939866
2311450329
2816940290
2160150994
2839661829
893581699
2970188318
79005975
1657228754
353324654
108404635
2350893962
328907736
2900964042
1196540575
2205451208
1570824530
1134637050
2955557071
32155074
2791374133
2789038667
1653949116
2194685291
2344501868
2513230034
2868063494
1407740612
325685341
1512917136
2945705278
288513282
2808520643
2430037136
1028942076
2933970780
485982500
1623571735
2927403033
2907345104
2926401270
1143221353
1636162830
2988906138
263376821
2911270414
2607349434
2799271238
2832950449
132204038
844834374
2690074372
2150323780
2942829984
1281183714
2683534633
737668819
2868303001
2954655632
609336914
2477772690
2943942660
2357040930
2457779005
2606267221
290570868
2414896109
2270228408
2677158369
2845372259
2760765632
2920114943
2849853636
261338447
2879800357
2938112378
709245716
888313592
501740090
2893159422
1486379629
725625818
2781447913
2876547113
1588882628
2931271250
2953089626
2405458969
2457723662
2818421630
842442955
252629056
2976459548
1909526017
2649439946
2937553493
381863929
470404101
2774944224
51116290
2477944243
318056357
2275290573
550518068
314475083
460683284
287441055
2599030374
721940226
2474357736
162619088
2859188909
317815588
2727838526
1526439727
1875185965
410130500
2988409872
282499672
1904042172
790054927
1466894244
1011740358
1679325361
2741270299
153557193
168726813
2215356802
35049978
2935467195
1329600660
2979812268
764782788
2457739290
247319609
1552314002
218639894
1705885393
2922521550
2916048763
2902878019
441246616
371947821
2940245617
2937817469
1001514570
18736687
417271227
2864960790
984414169
861979297
2802300282
2815646840
451320072
2408138687
520374226
3012705243
2885218226
977277230
1356394206
1870128474
2151358192
349846494
1927987670
629964788
2849944496
2913102524
1470622003
2719263209
1145747935
1329882302
236051792
977179363
2346596115
2602196312
1226220162
307186968
485374107
1883038327
181956721
512135356
547238244
2951928946
2457810104
408666436
2586168990
817021418
2914078207
103726421
51271929
350132995
493468713
2149079756
2913052399
2417875473
2992473848
53544165
395261179
61964395
1292255810
791983778
87128016
1577588179
2320677344
2457727592
479737834
2574916350
1281184627
992498334
2190757410
1496165719
2901745638
832242252
2342268736
1356442261
1327186224
2974099095
2589250584
2876968738
2927502214
2560319630
464235324
2167643058
362203180
2958907682
2370698036
2484959852
2364789253
18772468
579519528
1489019354
1145413800
2933855588
2726934817
973126272
2181435855
1938288613
2934309907
2959111373
528909491
149645384
612049026
1682917550
1704124152
368535624
1640282960
2783576870
1465204645
2209088138
379667099
367606054
408596373
2757660134
1372288166
2941468766
334241684
71063553
2879235620
561026287
1249884972
2993392081
434974518
112228028
1226169846
712211593
538912501
2968312627
279485279
2917749818
2904862021
68681432
2962134769
935909550
2290152871
2940384533
341567292
2701893402
254433349
2905090030
358266555
2914535905
2239431026
316577148
1536337596
495344239
2867824033
1427349618
941663280
1005219668
257150369
2895073572
1216704722
41044925
2221373271
2760787063
2920881624
973568425
96128755
541582662
2267593569
2457572253
1063481640
1888623769
2821239869
2621175005
1010822694
18953266
2929637216
164019997
1591744128
2608368720
631133874
1657955172
1840825483
2291550454
315555204
2488769072
2914898755
64300247
843324559
627743633
75873744
2208961714
193339977
1613552388
2457808741
2169964221
2457745280
1041157225
2456204522
2390295441
1339272006
1420307178
393518465
2924896542
16552921
1451760722
2410464700
2591652714
615566756
2957183490
446064662
746332994
345887854
2230200988
545537551
352062110
1967955732
2316815410
2808905085
2512861446
2894972564
407926419
2922452153
205443734
312057780
2457774318
2864199143
375119716
1025731484
2349059044
1432506306
2923904892
1442828940
2676146981
2866484708
2576263976
616959166
1447157700
2351055109
2790538548
2941462387
356813811
1206162354
1063193594
1665791257
2415669834
1101123121
1695768180
1132758284
1315264855
2932641516
2457766968
2983370215
1349582665
2921018840
1973438132
1004134369
2926110564
2221743874
1166413381
2954583600
1367669262
2968555744
2737446650
2149534078
1280568702
417230231
2913351019
331835369
2588615808
711494611
2937211304
521699475
533261249
2954653230
2918707473
50156795
193727994
597602538
1342207069
2419145904
419833928
252649087
923813557
2372597305
2780830622
2856908324
2804406956
102718217
2848357957
2929915908
2869969931
635272239
465186115
159375097
1218905910
795488424
2442837664
2968500361
818881309
1656175616
475372160
316103624
2915440207
518168983
1512465666
2533112658
36778886
1517472542
1095802580
543514282
713458547
401605138
554852167
1320273528
746304588
426044274
2955220666
545620910
244848423
1871530885
2575507742
2672511628
2949296580
1139301756
25683683
1907590158
1464992834
317284206
333623857
2926438751
1877814283
518044192
281370672
566987862
29865301
2874464950
1581810510
2173237312
243870840
271068125
2804886564
2950355431
543583817
2565379569
1352747569
739034005
2272153488
1552462536
1151808499
622648347
868537183
379858045
2791809030
534695290
1242106099
438173303
586553544
1890824900
2364576002
2936625700
2457704809
28443923
1449006343
2894159060
24323319
1372179446
110839363
305644294
2875842408
2337964967
612445534
2867973895
2258679314
2506911293
2332602041
2457692954
1031554224
1976633965
472164286
771900260
500517324
1659724494
2874889129
624809104
1653870085
2322757927
2477472001
1356279498
2980115882
20867890
1038418807
2937524691
99943864
2451433968
929027688
552229605
1460718475
2936691762
1207847528
1226702371
1968478608
21759987
2910874430
893683315
2740616181
2474325700
1508516377
2893032287
2957283471
2913328078
2954790728
2988254321
28564773
2783586529
1104451766
2908707264
2950580772
457333940
432431720
711454674
430589695
1033474206
2457765264
2763688770
2341672710
859624561
861053035
987153030
96430204
1428434406
2276242231
2433685696
2506560600
730510490
374138602
1916513768
2698009050
2736477057
718051428
606500088
2499770924
2543968892
2890105909
2579262247
2937409536
2806393140
2963431199
2172411814
315839037
2944724196
45782749
2906405077
2833746372
617483460
714804380
2182748281
1118686572
536586999
2950925542
2468716027
2927821027
296695093
536440371
2159264472
2932649886
2455344272
11914172
950545872
1037566045
216212166
364278994
635544598
329380335
94210183
2457751561
525573948
842473964
345004696
2689517310
2937212278
2952612703
2790435086
2646297158
2853299934
860467033
2171987019
477474713
1385749236
391001736
1695634770
2721292821
2883528537
762706964
2907565273
1870115683
2457782642
1592631314
2937775193
2832165888
2899184414
2865861422
2589952338
257515752
2548379688
2322376988
1703188788
752196367
256659585
1433856432
2870588787
769884451
522765178
603327736
1252835876
970285406
486108355
2953923859
307753350
2801545813
299467086
1668546120
261035274
2805518629
938330827
245400810
2816647459
1577848404
981273726
61949511
559540556
541858682
2918316396
1917863594
98536785
610813058
1031588287
2471199586
2880824334
444575492
2731702446
392485820
2671326563
385814335
2885470362
323138380
1481125140
2618795304
2420995628
2390937118
862029721
794596832
75477790
2460872383
2199670852
357562218
165379358
2160070865
343283519
2975601804
294020537
2955534098
324906372
2425591695
29802237
316248786
304078801
1550554507
311075771
2727331185
1698795955
1623072205
2867276546
354503550
2261774888
445708395
2921767564
2457746004
998453653
1028153486
2760099396
1040496542
1067145890
1404710162
2790410197
2788578168
2390334434
316509793
581505763
285473573
2782866494
2922651990
1601986388
2957662910
2457785797
2482143259
946444856
251097612
2448542214
2940421962
365613635
2457721224
1125181604
2926505605
1382847708
2417692493
2590846327
2976696859
2811835939
1634317640
630993842
2894748767
1416102878
2438277612
1439153568
2671993076
36143767
2288619946
2173165597
2588132563
1905748993
532135503
515601415
851887969
531291518
400619436
2739785171
14427603
1497349872
314472126
1370723845
310325138
2457672504
428484375
1461839184
133605648
2884492608
2875730856
2759623642
287783300
750889140
623194124
2457680876
2933950538
882565346
442004441
1421548538
2832635437
909017192
541990379
310255237
585153999
2819660031
254957094
1228028191
2457778536
2926268563
1710711708
1513463816
9158962
2501969420
1734432966
2457687560
2179166027
492133058
2934686274
1575255776
999124392
1155034526
112323540
84182131
2291524083
234823886
1665047845
462360222
1630852700
2316799855
2413471701
559302845
2352034004
2969263376
1853693575
284645262
841434326
2487505525
794761657
2549509188
1191444390
2908087023
1662144889
2904895134
618114156
552275971
1575720926
2857426909
491290363
2447722558
379229066
2829232920
2457744168
107252031
2882447988
525759188
1355021342
1673034992
417270947
863726358
2752365288
1227612600
2307699634
540166851
2664257515
19924104
2331218235
858899822
2806816255
2983729063
958852352
29610442
14548850
2324484683
628291877
1900023174
889757990
993215209
190292904
899599879
2703823440
2457804962
2833120722
434004632
2932642274
2427512031
625135875
147185182
2235768434
2448041755
2477933102
604515617
2779402089
1905490873
1915115916
1433968076
1871356100
1371664933
336107081
137261060
300470529
2964339805
1443172994
2921818100
219912086
1883625888
326809442
2232996836
830302106
1978380913
2731633746
26606852
2189446661
1909333350
2685317257
2914013805
1950175590
1092188078
2931352326
1387369032
245060966
1894980572
2941111146
186043237
997814130
997484815
2230523020
576012319
443925647
912901159
2954223271
804016436
253017333
2216420450
2171005053
1262776610
94712225
1110484716
18074944
2931103319
87257307
2575112976
1355054498
2790300240
341309176
630772808
2928861496
2849057100
2944272804
603472266
1860310555
2930829870
2162040037
1576268191
2958659606
2181200374
2442607317
2793444015
2176318852
67373106
2457754591
2573049287
2294878264
2457671922
59797635
1109858767
24672191
2972403701
634744667
525741395
2820435404
301842084
2545507891
