2949202744
2363005662
2201737660
969606944
2198279025
1433837826
544512033
2923585311
3047940349
566270701
2992574724
3025455988
2595564656
488979326
2950615965
286656139
2166752966
2988833129
616420809
1537777776
889828302
562572417
1028460080
3033270773
801068143
2295983202
1573792226
399364959
2931055961
527773466
3033696333
2282932339
1436007469
497547291
1685446321
1541531880
1368744757
2651766878
705210679
467518817
910182050
2752514549
1629871412
735487279
2850208064
385596063
510914261
610227053
2545027398
1311836383
1439807065
3097627419
2586017946
2470836493
1145785926
2595226867
714052457
808822626
2244321884
320053601
326101160
2279270987
1692225168
354848827
243716912
2917646458
527944774
1053525278
984931286
538157175
2980441814
968904776
484254500
3097559638
2390950396
2985623975
1464834193
2928652141
2520722347
444661503
459250590
573373022
734128945
1151617794
2164428518
629711983
2849327863
722240119
625437877
2939546199
380168336
2321319791
3063270892
754882093
3090249778
1657202124
3012794021
3001328729
1047811166
531388646
2207791450
260392281
557160976
2463228967
1657842402
2255771262
2986200825
2171461611
326875530
2912507164
2571647822
1674195270
3020169988
162524261
2495924106
2943083218
949558194
2720203288
379373973
330285101
1633390657
148711787
1259360688
2852330305
2652608395
1593960914
3079946139
766501969
2847052600
2821626429
3027662547
3095328712
1006722026
1474084868
2888777806
3090471805
1703000694
2704670239
2335924427
1475433012
2285745471
3063689596
1851576674
1428762468
1695545978
201983779
2912511725
303337950
984026450
3012318072
3003664534
394851708
609891890
465430388
251797722
2706109041
2319055499
1716646032
1311804710
470493993
1047140383
341879722
2248708429
1175915683
2439066504
77182645
2953310441
1716952304
949270819
2918212894
626961819
1486392876
778849034
452352339
3083846308
552674379
791234034
3038359265
2204738892
2392829250
2331791564
575667108
216670618
2852497645
564718446
2859607607
328192817
1347486582
3107368475
3056067246
230547339
2987001195
2901260337
401511536
203894663
365153342
1137963306
3033516893
981269053
1129720333
130079152
111354693
2951514519
168522450
3043427870
2828740593
345998896
3049789953
2155824628
2820636483
2996356654
1738350085
323335555
2886991041
2278936972
244737349
1677482749
2897164864
3044994327
3066431379
3014377367
2991174292
191033142
1541292686
357223072
2384011848
2863181105
227821868
2949678857
2238249661
450564088
2954666106
3097195689
2861384947
1575212046
733114939
2350375086
525592662
992133619
1545517308
871949833
1687499059
2890968198
3088190974
56293707
3034876719
1684332770
479774654
291723583
883218590
294283208
3063359158
3027798431
3073310975
2530937654
1337852162
2517596633
1321616442
2963194381
3089705784
2403685366
1126226006
1317639146
1615787114
2468288467
2899394201
3049991142
2202954494
3052438622
1475474047
2353946424
467147726
416599524
1692591997
327876289
463088746
2978720309
254297028
2372281266
1550816670
494095217
1177449019
3082841355
2347777226
288910898
357004029
2950793089
1470144674
3067920081
2878786988
3077775854
2334027262
1538229564
528206456
2890931356
2747047789
716575457
2690618454
2252113699
950424637
2904292679
1524786997
527403390
3070407357
2413222562
1078103102
313361919
3042660816
2646281376
420440107
2418979002
2798194908
3003746313
2490329038
2885569253
1649059554
2342741004
3066334237
744001837
2861753506
613379020
2894204149
3014919659
3077149710
250029967
2578318429
718268749
3033435511
2764638207
560328014
1239447194
1234159051
2556193729
995609389
2201510006
3070804613
343021901
359104558
2573962453
995276300
2921980637
2965669533
1470922573
1690024118
2290340418
1550666071
2628751947
72193432
802418971
3075143959
246824254
3046898789
2854022542
2905708751
3081295227
3027000793
2997402722
2951108322
2916441088
327020180
2978648109
769416122
2340702326
477036472
2364136522
1054968277
2237107438
1451609785
3059764824
290020330
3086636642
1328816234
2857420634
2956846047
2574572214
399418682
10852102
2846731451
2904065716
2859464067
2889124143
608625977
556424127
889472844
623930759
2231745078
2372154361
2577188749
590141898
2852414917
1888767853
393861884
1125106351
3074644812
608166689
2691145062
3015161494
329679485
3077273284
2993195410
2612809808
2850887534
3095855797
2922102246
2154127635
3093100294
2866415189
1123636766
1607680034
1311483720
2889820271
2794840058
2899303553
2491952502
773919776
2585075303
1060370736
286181666
814933190
355155656
3090080096
3004225300
1468742004
1673003378
2846481463
1046177210
2736567442
2252232860
1669503727
1436465592
73309943
2874985596
489674507
1490999694
468008787
1568103631
2987813296
2795966463
473874972
777027332
3081844150
1260417180
1058730518
2574487172
1514402138
1662536425
2937183401
3092023689
2920233015
2903992789
2929598903
2834255783
3026024535
3095080227
1062769663
1577486180
2612600719
2890021111
2228645767
2884245962
3005604201
1273758235
3095369779
1732324226
975729984
2655877369
246519095
2594908806
3080997975
2540544858
2473883563
3039497719
430590665
1089164834
2477689159
2455060014
599164614
576514196
2926719822
1073637451
3086038408
2430565305
420458382
1109474922
1577673313
552714463
2519513501
1020954078
2910715513
433564407
162357839
385578067
289760271
2841666512
1464672811
2885600252
744732348
83079602
2318515422
486409257
3096820854
3059914203
1309940269
141021536
1125930474
573737889
3074286230
2596243658
550891064
761058204
2891926440
2373585190
1699058994
1885997078
600440519
2305841409
2945740126
236528425
609602782
2298244063
2396772589
427612446
2939835909
2895924087
1608220916
3065972223
2747345511
426912664
2897562619
1880681833
3028524383
545705715
1576009914
1398290166
1563409226
2435402715
2703265543
823543231
2561289385
200657287
2673583640
3028206034
950440422
1216117304
512153500
1571173381
502113314
1141755710
2265680190
2282662930
215615167
2882397255
721014955
3033737938
743857201
2844289930
977672660
2979758506
1629204522
257700041
328261481
960051577
725503747
248767684
979735292
500155023
2825261439
3072162091
2560272979
3096425417
331726637
1666065086
3050167334
1590518280
3029248485
2339088860
2390684616
2909834836
610277391
456356920
1469845064
2262780070
1920429666
737779410
3056423569
2994387566
1888384201
2928972224
2961941876
1628264594
2201242610
2651342951
1174624058
3073864141
522480580
3090969784
1697508834
385448054
3033225832
176133591
2289834132
2500535907
2530795512
2765755545
733679714
2942164183
3019676693
2566941183
1958775368
2348644939
1017445160
2935512243
1093312033
2997681699
2222260060
3073880492
2301339072
3026958147
2253911365
2311007951
2323626362
2174311139
2724117381
573948633
332389066
2980872037
2875168193
2245888600
2873853325
433679247
357903839
2308970374
3049260122
2416710000
2349341921
971843682
2172673693
2274571664
604999735
2243788055
3088531167
1226217943
1238942748
1566812281
2900751101
519543401
2623640399
81814953
324346988
1027350758
462120703
3097750433
3012140027
902322961
2252275315
1887017508
3053502504
476920909
2545881768
2254057482
200542641
1921308085
3096993231
1578483979
2459676158
1675337582
2648711336
1126685942
2932285769
2783074178
616661253
3005279433
1316670786
3009953819
3079194861
2312725352
399333847
2510589520
2386730596
1928526937
2165947767
2907375719
1285665186
482175464
3033276441
384849014
2848230198
538821002
1703414282
952439005
478701059
3046588325
3094658441
2897204917
131269057
2891835736
1001151919
553122386
1913092333
1004844272
3032421041
2689995972
477933973
425845708
59075228
2736098902
1426669345
3098263014
1692317780
2736941641
908917381
917380574
2457944870
2918302072
414987827
564989476
2418000067
2787198310
2843440833
2907876100
2931605111
224827977
2524372270
1024974278
2153624220
3050074387
3014498234
2793122762
461369179
610192195
370662272
1390039370
972321073
1327671769
1319752626
790380559
2569406052
3034096603
754535690
578260625
600148628
2956869431
2863917803
576433450
501019835
420512571
1450501652
440498707
3087302489
3070685285
2496563608
1064941818
2580447937
1718628529
429979398
2293858072
603105962
1613140652
2793393444
3090485042
3053543538
59718474
1875521088
308462386
1619188339
754501058
2848563309
362409633
1861268490
2889066656
72576522
2563581859
2899478441
3065464945
352182651
912385166
917689345
585405221
3088322311
1556725746
2829498619
2911712710
2316013282
468376054
746447449
3078120489
3066943704
3072803549
363727029
2952911729
3022511644
2979960226
2875679335
2740124181
1011166614
1442169343
268743776
2793789624
2261369191
3073688745
2422478940
2447556928
3090368505
823828045
371551493
407620615
1207667768
2939451526
2377774178
3025886727
49472138
355418215
2356633125
921579114
2839769899
152559586
3073760676
3088331926
1360349184
741985819
1463407512
2994788174
1211017975
2176549106
1240571569
1853332482
1197318528
115827236
431897090
250226151
794665764
3010157805
2990654507
3063691792
2504909529
283009265
1626314317
2864986086
1066409845
2476879242
2828477160
386789889
1883407184
2836913275
2336203779
3017679140
1464801283
3022904297
2591018941
478459245
2239602825
2320999731
2473599018
461698033
3075240015
758663874
112641095
3053336340
2192176022
3074265222
3087812361
556082225
2734499566
3097991123
3040239669
439410006
2472308114
547517124
2996226006
375172561
2658609072
2781098954
415637599
2493494305
885149924
2301232975
2856960495
3029030625
2729182191
2316586974
2581243296
304700145
2919588215
3098872055
3084611394
2614941926
174737966
1179592141
423567022
3018004481
2979117556
791716274
1076120850
2604430604
866058745
1458921684
1191060176
2853359594
580012646
2581093722
889974061
541081467
1021655497
982727160
1194413095
1630426284
722358542
892817202
2387710946
988701536
1005801014
2569655294
3091693521
1260479754
2456901910
3058705098
1131318859
791320128
2316924741
1498782926
2447562037
1894633548
2489169876
999159516
3002053926
3039474739
3013364397
120735125
451565231
2458568002
3093154565
3077725487
372530664
302549899
2888755847
2977016409
2896308068
2873637560
379917791
17773874
1320097428
3078483093
3103646398
933962341
2895993441
1307086459
2522551351
627431551
3051227058
60476707
555488741
2954075617
3097616481
2213053621
2922864472
3081593847
2645238108
706995024
2449988875
3034283715
909017029
1386993907
402741660
598625963
3079439453
1863483536
2808594947
531682347
55215292
2896611609
2578976952
2844829895
2610663146
1725960660
2953937917
2582833907
113673014
2974748567
1624146270
3051340968
2809301858
589971898
3014967135
1345284961
2919012408
716349269
2326507696
3027528372
627852870
1683912332
1340383693
414852252
2985935527
1685732006
470089088
448732241
1321342807
443169350
2852950547
3075356038
3088907526
109454566
1571097602
2868876719
1723720316
2869193162
1268685680
2162416602
3044885439
1375715130
3103369191
750216786
2673090135
2718347474
726998558
245344059
2938499217
569964427
593286109
1041829260
3093890233
3091342723
335505588
1967939774
2370645538
2912535390
744921894
3010049824
3031742483
2315836296
2478790713
2856734131
2500029444
3078067060
3084990734
3098333508
2776641746
731479880
458954084
2858568440
2740446437
2820126136
2893264903
2522179997
1256232326
2810018075
430114037
2453062242
375225220
2817455912
2833915873
2778357410
2766304064
53347446
1653175584
407856996
2726241375
317338495
2939740751
1250906846
3085161131
53006008
1620280130
260815189
2434942293
3083154226
2890116440
2882754762
2811712145
247741460
265407890
3082563112
2492404420
2509520048
2974087601
2999573274
425305102
3026386389
2845493952
3073906039
2876932839
713061234
1168595887
428509128
2186759931
101751855
478140667
510814357
3043501151
2924600354
741106316
2169236512
1596627529
342024184
3039525466
404448759
2907683418
3095050025
2377595946
790909327
780098640
609237856
2514128388
3086719923
611893097
384949928
554721343
2727651490
330291205
442779837
2595345751
1666171658
741922790
238692100
2987525416
2763685399
938652475
2790335500
2903818829
445033254
312217605
2857124417
700108199
183497021
2905686341
2256856272
3077778845
2368688630
2813901117
719474598
3070865561
3079497508
2436345994
1314589543
2661761937
2761543615
2790450622
332384903
2297850361
592782721
998434609
2700384750
316374703
508832058
563178412
144000774
1400405310
1839118592
2872418454
1122605713
955759171
263562099
2255537514
2249907053
371258945
519498099
3023767561
2393697190
1954357712
368821129
1431691261
1669047403
2725381695
963654444
2439126810
2450269518
1642141404
3035489620
2229190877
1668867367
1136441047
3077897399
2194583112
3074784099
2459546735
2541427202
2455028940
2498204149
2873837902
707005519
1360029684
2590464979
1191640796
256726591
2502462350
3035388112
2239075196
2502842658
2407021210
749275171
2673103927
3001946805
253314338
3002919184
482168875
1903029522
3096671640
1340811786
954959924
460982634
399652336
3086851085
2432913024
3052782654
1252718365
384377810
459912198
2781926723
822704197
3002388584
3063444730
2721249948
1697338608
3030428279
1322999004
882544063
1086509942
2337298645
2888815533
3002450915
2230224645
2286226832
242996822
3028428115
2358206472
960152798
349563816
1288361485
3077522849
2943028450
1232531119
376555537
55990367
1011696450
2986109853
2492271954
2787628713
1002073382
2802229922
2887508880
894117001
594113634
2719232118
2358658470
928132651
345081749
384465283
608185817
752770477
795143131
2658137785
2352970846
2921301492
1413907326
249226236
1047890312
2341373959
33918928
2267859094
1539975134
2446057117
431811028
805271724
2231350130
2728041783
3094993414
3077856761
1114143404
2805852800
623609049
399494293
308379028
2349472204
1563695744
535981114
2785173136
2483060898
306244848
3065809647
2790280920
264307040
3033475755
3098068012
960786019
2911435253
987570450
2841648631
2522451902
2438788532
2840466853
270453961
2886295179
3086580897
969373603
399382641
1724195576
3010130434
1654421371
1595963989
2248816656
2896424285
3055454133
3002450691
181565921
2923822264
2799663723
1328881591
260901551
2864999038
373627226
2877357714
2879057564
738662702
2851778706
256603155
1043130426
2851366693
3034996553
246224361
2874558103
1067759155
2536198273
2894734995
103096372
827534570
410321361
2926078114
560281301
3093428321
3071063315
3033812788
249160409
162821138
2499458317
3076313236
1973877529
2265898422
3048907520
2510626474
3049815771
990784740
3052680880
2915239286
437909294
1305853207
963820878
2986115605
1871161537
360220952
3003036832
354589132
3105521030
2322736633
788516090
839733716
2946487391
2583694782
2745640848
246438132
3019245282
1920145717
2645317700
2223394651
2666243042
605862808
1439437782
2291883411
1971423662
505054917
2238520130
239901988
327429488
1687866985
2390258785
2276422280
604490671
882720852
1850729478
2227379503
2736992880
835941612
302473468
1000360088
184316191
2765900104
3097498695
2763784257
3033803560
3033456060
426877949
1345063345
989559553
2733097000
2218119436
1061722122
3033753749
3023389405
709891695
777983107
3077613202
725092470
2952603338
1423866102
2566169088
163113227
3086181902
410457085
1951881114
2689316906
3023615723
451300240
2851040189
514338880
2332419144
347215272
2957667272
3051493928
1689347942
538572094
2369292946
715142703
1659297002
2481662472
368902386
303751435
2884788048
905803962
2953557239
2594590448
2983044463
1868353572
2170971391
2836896794
2393024172
2248902941
535777152
3090773803
3073995097
3098218349
564464047
2873852605
220929535
1257254162
2664704778
395453951
2742311910
2164958786
2979113837
2336643427
2951683777
2700892008
2973605374
2369555984
2566434191
2899131562
1182558372
880011073
2417507700
509868278
314449117
315151327
2916809794
2354136041
3065675526
349243067
3043108125
3018844095
1126000938
1646683640
2578616658
2854554313
3025637934
2421282855
2155009222
343905116
794745925
593024404
3074108063
2543730693
867672668
2912886750
2919358458
2660794690
2530446577
501033960
22206388
2738210991
1705938800
2249446849
385856213
3061501457
1859782364
413334430
465319158
2994140656
369765686
1278204721
2940839912
3023666069
1566981936
2306038990
1218598926
2979288242
2415674455
2946677188
3076522992
1629701634
2836141840
312578065
3072777524
3000648080
2272028807
1225981590
1679966977
312924900
1337522773
2912263137
2248887257
2895439433
2645346066
2950133639
2161682016
3024654854
1053971814
2827292177
1593886885
2895693417
2288778253
250544782
3091645767
2158643755
2378800393
2859910437
2220336290
515857854
1350095444
2448304481
1963646539
289883607
2202533479
2986428039
1289909814
1601710081
830776321
2655479018
2925459965
2164669935
3044317291
3001242099
2446526771
2663063366
3001286241
244095337
3094173164
2765791952
2883341154
594504250
2520616070
141451514
2995659089
3063600413
2219893755
463834863
2902635488
182862623
1477202910
1344847302
3013561772
293444097
1360224630
2724742542
564468318
3068772485
3097928375
257100604
481452595
2914523432
569272621
3024806502
2992501404
627764120
2306743240
3042874666
3003475105
1862052636
105588207
24347130
719656441
2989262934
2541686401
417511194
2760804781
542168853
1631650537
2803757682
2745290196
2813456666
2507350651
3003442302
2894538663
1306478419
327091240
2734000046
103432674
775817916
1536768636
2961937433
1646545926
2621518715
1971301146
3023648119
278120348
2706521101
2837830575
2876437781
3021819526
910200084
3076201625
573953363
2788667790
193564122
2458722413
357629606
2930526510
3008710960
1174012687
1616634475
3097628193
2322934346
1884897084
3027447178
2889471904
2713206384
528878026
707698286
1207967665
1629387888
1576095768
3005540850
3073682903
2811779497
1260860426
3050264720
2529487586
1093804850
3039231670
2424065870
2949300955
354055633
2828521157
2936495132
493003429
2565779692
2368831407
2729840131
2939677444
900671197
3084180160
501992059
2949725057
2292524669
217135617
2386510049
1705448383
2876727666
2997109344
2441972025
508754263
2978297498
2721415477
2334938802
3096412088
2372865144
3011002023
1006181989
2983538265
2207173377
2278563345
475299877
1010146340
776245602
727503966
2819736438
829965937
3031245830
2761843375
2958652191
2946523776
2265639448
430996743
2733557543
2642609042
2420759578
2741901079
1556310421
2389997245
836203940
2840383048
2388940493
2509365462
3072759622
1311330504
479026266
2718120173
2422473338
191010387
2303012269
227762956
2651067600
2248893916
3078203310
3027127415
2447094373
477066334
271947298
3056116519
2650674584
392912142
2416860835
513619720
1733424218
3090001204
2610107701
798298711
846650714
1708586215
2835014686
367926511
613356110
329543243
2994997412
541478843
2697441686
557330581
942464106
608733148
2908814845
1646137088
285708669
3068159187
2413739482
2894607296
361235360
1066846130
849248953
482476715
2972034232
576233149
2191996950
2526188141
3054058063
2157567770
1943457866
2616037942
461056166
1459657560
1263423474
3047246172
3065180081
845969054
2468310937
257599791
2911971780
2694445697
881225948
1976564083
1356546146
1213851428
628323718
2257647368
268516414
2610227443
3006664707
1360277785
300411496
802283515
780737868
160201625
630585443
2928287645
2272024132
456852004
1034502158
1122152748
941491922
2262354185
2527721167
3003063317
2888697636
3014483231
2183356401
2261663131
1472601504
346489519
2845774030
1136225084
201970006
363083137
2546365393
2659205227
635776329
268969000
256219887
1152531128
306979592
2452020032
3045132567
475709924
2891296026
357705971
588584554
981300210
603077696
1412540640
2933751588
1081322611
1170006668
2816317552
246833085
354160598
3066637970
465976305
2922062071
1887323748
309857862
1586818916
852522565
464409060
470704888
278758052
2154031780
490615322
807013658
2800722494
2422589150
554285028
1555481540
2981791649
3083680197
2843626613
2330249929
501125708
247025104
2208019714
339491545
1173764077
2291972593
2685820320
2970178235
2610166999
1666268082
529335488
522311208
2373160596
508734063
931591567
3066497507
1601283482
2415765410
1600875054
2972613654
3012599571
1452249092
2544280399
1910424811
2562730324
597522026
3069204421
2868551360
261266868
1341369282
2932920357
410523835
3081008100
718150090
997117034
2438638160
610194243
2999843311
1853359238
380253021
2996152275
1241590956
1466642070
590078156
3014400516
318014776
2228503250
1368170094
2959531743
108192135
2656814223
2821757307
1639023144
2959805297
1726183465
2202955697
255560053
1951373316
540775746
549877240
2782709991
794397464
220022225
1459190522
2870924427
3023883532
3030089416
1688327594
3028913535
2539506792
264702773
2596572621
3039780266
1180238652
2371171439
864627086
1209476132
3074182635
334343961
1456501122
719750309
1560067854
2451377863
247810271
3038183648
1656999800
1607975106
1574851303
2198988084
2450623002
3080033826
2599073512
2284171418
2243688861
2484712156
3035205764
2489846958
2400262602
594894167
609024064
1655412846
2482390188
366716409
947483227
291554279
878892727
2985569265
2985668555
3004581977
2854711732
2821429831
2990002233
290469892
2481988264
473802986
350133631
1632627775
562052362
521083154
2843777766
96984447
927219876
3050307537
187707390
298541944
2590844174
3026588066
2370802328
427604479
601984909
622867923
579117355
3095606769
810649076
515312687
314161642
482031629
2339293558
2323087548
2290097730
2778642212
2695169734
2612776878
2227194860
1127468654
3044636038
1086949302
2712804560
602967876
914743914
75019282
2709608330
780641772
581313021
1113769100
3097197039
2263643872
3042633621
2882899855
2997552356
2896240943
1551755803
917548652
3044784628
2911354923
2814696996
176133591
1634151656
2941526275
2974221209
1096764170
1902218088
2383254008
2486278271
984172008
2941183677
554386948
196123596
1061194262
2977718194
2174054806
1544111664
785768268
180983844
2220441840
3005525607
3096183423
1606358168
2920228461
3079564129
2878116638
609057335
3035514562
458691177
2676962307
1578553110
1013698855
3063937126
2511483232
2849179918
571041162
3016937348
259539309
3055538920
3079238823
438024383
1485980664
1712931409
397848269
1008704526
128327710
2203172274
555755251
2387734927
2799636562
2898533160
1663861800
741675422
2836844754
438874363
1392639398
210077324
3093214222
2326301167
1059157669
997576278
2383014696
3024655791
971920987
2604531643
191975039
887750329
3053326610
417259920
488342566
2515098639
2465068099
3045934393
328489966
85021241
463777608
2417312032
2993093224
2479867928
2555944285
3091699926
2843878905
3082108334
2974815694
2262898457
3082682237
1106660719
1316112072
260257006
736202599
573994802
2781264247
2248902941
2323187543
1923888120
3089116896
2910259104
2986039691
3045801081
2991794182
3001128462
760734144
335166858
1004183288
2906818078
2458782775
400639431
2783936759
2229569946
1599508218
2245850799
3063361701
2907002988
2957676204
459563860
2785583531
1859774252
1478559913
2739712933
120022580
2449986505
3013420685
2980583231
786659978
115069254
1880857716
2259381485
1039321430
213831700
428057140
2580207055
3030475137
2908232662
584246961
709936597
2842591335
2453656922
2864927965
845877860
1544796110
67277253
890615874
2549339202
2863107224
545415973
3062566125
2734017097
2860166376
424916959
2355353702
3027073435
890939858
2435291976
559524158
2160730070
3091999493
3092449271
380105941
527249215
3081576139
1329008150
1259178750
3084288362
2986197725
334065241
2160874836
2755741357
966902546
1584904189
2488656380
2732519930
2927985945
247834906
3084143849
2936371885
2154865421
972408132
2980166439
777197462
2485100371
3010757648
307075363
409584287
3004233297
3075408822
3064109409
283497539
3044892099
626723145
2194528865
262209891
2203567351
1403354360
2163503510
2274559370
2845447030
3043513027
305738584
3014148855
2320522962
237695007
353881482
2963454721
1348952341
3021327010
2478398599
2287184946
988117686
1357301480
1205794154
2797761833
254048850
2346878448
3011023313
74283334
2928250103
1009907154
2920068643
1452500640
2365438552
1661581368
2427024544
2277707778
2772607490
1078410415
1070698184
960490854
2906273758
2751817782
1422441181
1966050470
2728412111
775097264
2432025552
2370948266
526748013
2592134713
2945262518
2782135754
2662745409
3036393606
3002243355
2813669180
1097978016
3056750143
2874847789
3092900774
3094823362
255708730
21837967
318147348
2978888593
2443467918
2883922894
304503723
1290361604
3073567438
439465590
1594391922
2210682211
482034138
1015192489
1954522837
2445830995
775047788
367582515
1551909120
970824230
209208896
2171961931
2863085803
2499204294
1168876081
2958690211
2228755386
2956386691
2678574140
2332804698
2768833763
1189489052
339319642
2232002648
549680019
2349731164
2156316946
808988383
1594943336
3095330087
2894148655
2980154536
2214478063
1581951247
3000287766
336043411
445355159
626397515
2202175769
3059839213
3044959111
232616063
2419693500
977292810
1547251584
340873324
2362490436
3029810412
2180041422
712885548
819745951
2909372280
575461625
1642208306
2425731638
112731934
2199011221
265031280
2255715764
2811751892
2886755490
703297308
1626135314
2893961159
3087645057
2826954187
2585731904
3064428772
3056858335
2279147257
2657575453
395626335
251094152
568633531
2768379515
3095605283
2905925578
1406110009
1331555509
3061034134
897510541
1018880947
3098786584
2860518051
2991028182
3081708239
1027475131
1934852600
1694325324
77259949
2579003414
1331739446
2178343268
2385086829
1884536605
3040200622
3026517170
1608832338
2207734095
2949290728
1143770731
2281260511
449037964
754208510
1565583282
2297724350
3012644956
875950406
1954675542
1579222964
141830494
126610738
2854403112
125651091
3091412125
1612032265
400149820
1346175805
1700398494
67118906
2756091918
1486383786
1357863674
3050512058
259329913
247670154
3036954336
2422100437
3042004162
2363260488
52748879
2210413685
1549321003
303636269
744194635
270248068
247858704
787458721
2970081951
2854783472
2985562917
2788110171
3090793005
464077643
2884517214
2606286824
333458534
1241947244
2247951551
2977569271
398159380
1589520930
891295212
3108414267
489505516
994434793
3008080149
2876576943
3095230017
407643875
1040677388
2829153516
1391745326
3072237468
2404382056
829468470
2363733491
2205876718
462993194
1016696390
401020723
711289045
2211186043
2345841883
1283873468
3054725465
1700393796
2799280404
486690135
2524202553
2281254618
3027636022
2294834448
438668575
3024824766
1723825243
1072915220
3001587458
579261863
1416478153
2248923723
3108028336
444678710
3094367308
366517094
993073572
434533865
1598581586
1729566180
2953883874
1416334724
2515278728
700623153
3008415221
2829785072
2975395949
2286659950
3090070533
1004829020
2462003209
1267375032
2278889375
264551693
2723979736
299100604
2935256271
235743928
247424081
2938883964
721506847
852513246
2478583566
3089710846
927139255
2278315267
1244231516
525898415
2790851497
524696817
543703080
3078816385
2865321274
3093484172
2897518306
2984816763
521773406
1389548011
2767261067
3012856034
2848730942
601158439
2754361341
800790638
1657964780
3019772719
851213876
2197150573
75072662
3001014536
500758600
397358606
2379316585
2874442497
251522605
469721366
1254211844
1339698558
1702418970
2762169328
1126155007
324906912
2180702401
2983008346
3094795522
2721340581
1420890840
428411468
563195059
355755136
364103775
246493918
3095775117
2896609044
2810626337
2485637329
1912298820
61901367
1402261603
3072066863
928209804
1593387949
3097788322
1634024010
603867361
1888757203
327045685
602244824
2559480082
2668625109
1386227898
1189567656
2248778800
2867044930
2954317971
433604218
2450054202
3022105618
269005572
236740104
2712867751
2883206576
3009193944
245956466
2581216110
605924742
3070313150
483236992
250086043
585958767
2793109135
3084928605
2767476273
297344200
2971669937
971689441
2840420998
2691578905
3095523835
3096570360
1681721803
2418511100
2885272530
3074864799
2215192407
3082730536
374054655
2160233179
2503553533
2418754872
1578992785
2935524945
325691496
1100749524
