172137519.63198304,1.7603238866396762,0.5104569892017546,6.28158232041294,0.6377236726312702,0.305,0.133,0.168,0.082,0.152,0.15,0.183,0.132,10.5263157895,0.005,0.663,0.0
72905493.39965606,13.996550534667126,0.7762378026820539,19.163000411250092,0.9333179988499137,0.083,0.059133,0.394168,0.089082,0.250152,0.07115,0.06418299999999999,0.073132,9.80392156863,0.317,0.664,0.0
159840323.5952959,4.600323837031202,0.1875671878387159,2.1854009810718398,0.8214388972673924,0.08,0.124059133,0.14239416800000002,0.12208908199999999,0.14525015200000002,0.17807114999999998,0.139064183,0.150073132,2.15053763441,0.914,0.047,0.0
68060914.92322206,1.0273192532256903,40.829354162147155,875.625443284574,0.5067377777777777,0.986,0.916124059133,0.000142394168,0.000122089082,0.00014525015200000002,0.00017807115,0.000139064183,0.084150073132,500.0,1.815,0.585,0.0
102614857.85530496,760.4615384615385,0.12545551657005452,22.873319215718798,0.9986867360339429,0.562,0.268916124059133,0.131000142394168,0.122000122089082,0.110000145250152,0.11400017807115001,0.133000139064183,0.122084150073132,62.5,0.18,0.396,0.0
123048135.31690407,0.8715651135005974,0.3265063700195765,7.598119204262016,0.46568783913182255,0.786,0.14026891612405915,0.13913100014239416,0.13612200012208908,0.13011000014525015,0.15711400017807114,0.15413300013906417,0.14412208415007313,9.90099009901,0.047,0.055,0.0
162141030.1554091,0.8797077615722643,0.007460172165186205,9.837302738678751,0.4680024095003155,0.414,0.14314026891612405,0.1581391310001424,0.08013612200012209,0.09113011000014525,0.06915711400017807,0.21015413300013908,0.24914412208415007,22.2222222222,1.014,0.015,0.0
114860081.28604603,0.6754047802621435,0.1301339841713649,0.2377013814922041,0.40312931431201104,0.012861736334405145,0.13550848961066278,0.055170865372990804,0.15138307434726728,0.21572710646302296,0.10311626081672083,0.1871709136109329,0.15514194251474003,5.18333333333,0.03215434083601286,0.01929260450160772,0.0
119842169.2072699,1.134136797620911,0.9826524401133437,20.06182644976817,0.5314264759809314,0.035,0.16413550848961067,0.135055170865373,0.11715138307434726,0.18921572710646303,0.15510311626081671,0.08118717091361094,0.15915514194251473,12.0481927711,0.081,0.827,0.0
125331855.071949,1.0516275967938797,1.3656416391646278,1.5958911633852162,0.5125821072193022,0.012,0.1471641355084896,0.13013505517086538,0.12611715138307433,0.13018921572710648,0.12915510311626083,0.1600811871709136,0.1781591551419425,4.5871559633,0.182,0.476,0.0
86315059.12358093,6.859259259259259,0.0030029522383677263,0.05605510844953089,0.8727615457115928,0.0,0.12762793099122302,0.14518098312805114,0.055823520560412045,0.0558962359951269,0.2880206268413618,0.14571573548519487,0.19960998491324897,1.75,0.0,0.017857142857142856,0
149144008.22164392,2.6771145062214523,0.4674998401302284,41.908724825949335,0.7280476312858734,0.055,0.2781276279309913,0.07814518098312806,0.05305582352056041,0.15405589623599514,0.09628802062684136,0.1451457157354852,0.19619960998491326,22.2222222222,0.007,0.883,0.0
164950221.9882021,0.5828288387451843,0.0020951775380133692,2.51840340069207,0.36821974965229487,0.536,0.19327812762793098,0.19707814518098316,0.15005305582352058,0.107154055896236,0.11109628802062685,0.1641451457157355,0.07819619960998492,4.56621004566,0.146,0.422,0.0
140427052.46280098,72.77254901960784,0.057219744052724585,7.06940708780436,0.986444822453753,0.024,0.12619327812762793,0.12919707814518097,0.12315005305582352,0.16110715405589623,0.17011109628802062,0.17216414514571574,0.11907819619960998,12.1951219512,0.03,0.057,0.0
82708148.59132409,0.44857142857142857,0.01462491931692066,0.4366583053194883,0.3096646942800789,0.06506024096385542,0.09427998380271718,0.21235951103167514,0.16415216880254416,0.13532796904591782,0.14739785806334463,0.125716058181074,0.12317850167758942,2.94326241135,0.4,0.28674698795180725,0.0
116766694.15558505,3.7176387834811098,6.917671223300317,9.047949911061748,0.788029553364383,0.047,0.14409427998380273,0.14121235951103167,0.10416415216880255,0.15513532796904594,0.22314739785806337,0.11912571605818106,0.11412317850167758,5.05050505051,0.031,0.238,0.0
147828164.3171091,1.3373427840938397,0.7153819469282313,10.875675872908928,0.5721637378970547,0.185,0.14214409427998378,0.14214121235951102,0.1661041641521688,0.14215513532796906,0.15722314739785806,0.11611912571605817,0.13511412317850166,2.96735905045,0.197,0.165,0.0
78912731.61969805,7.155339805825243,0.3175153043839832,28.53805658196042,0.8773809523809524,0.009,0.10514214409427998,0.00014214121235951103,0.0001661041641521688,0.02314215513532797,0.25615722314739786,0.28011611912571605,0.3361351141231785,200.0,0.497,0.945,0.0
174010108.90634298,17339.14285714286,0.0233365752456694,4.238815805793184,0.9999423303482423,0.012,0.1881051421440943,0.12500014214121236,0.14500016610416416,0.13702314215513534,0.14225615722314738,0.15028011611912573,0.11333613511412319,5.29100529101,0.469,0.01,0.0
161211300.85464692,1.153904761904762,0.44376045364525624,1.5922853958696332,0.5357269189954015,0.157,0.138,0.167,0.193,0.133,0.125,0.125,0.119,4.08163265306,0.598,0.512,0.0
151978067.916466,1.0387189210028138,0.21432566189684343,59.64506934633747,0.5094958948494401,0.035,0.183138,0.104167,0.092193,0.066133,0.212125,0.134125,0.209119,125.0,1.198,1.314,0.0
90004948.64808607,1.095426332926333,0.1833499185086299,0.9292289063683442,0.5227701473983738,0.05595854922279793,0.15563019481865284,0.17834628704663213,0.16071729844559587,0.14307371295336788,0.12146334196891191,0.10169339378238341,0.1401130766839378,1.49844720497,0.004145077720207254,0.03419689119170984,0.0
127345869.152107,3.5513595166163143,9.339101518710883,5.956263874519641,0.7802854298041819,0.138,0.12915563019481865,0.09017834628704664,0.2041607172984456,0.11814307371295336,0.1081214633419689,0.12410169339378238,0.22714011307668394,26.3157894737,0.049,0.789,0.0
122930669.72893095,3.6541176470588237,1.5616997810499893,4.995752494915987,0.7851365015166836,0.096,0.17512915563019482,0.11009017834628705,0.07720416071729845,0.20311814307371295,0.13210812146334197,0.05412410169339378,0.2492271401130767,14.4927536232,0.511,0.733,0.0
65055285.70515299,4.5764576457645765,0.292182253816378,98.38706156805046,0.8206746892878279,0.988,0.1501751291556302,0.12311009017834629,0.1240772041607173,0.1352031181430737,0.16113210812146334,0.14505412410169338,0.16224922714011308,21.2765957447,0.0,0.015,0.0
88225524.68297005,0.923063736414441,0.0097930842928359,6.686717955148353,0.4799964343020146,0.023,0.12715017512915563,0.029123110090178348,0.029124077204160718,0.27913520311814305,0.21116113210812149,0.3251450541241017,0.00016224922714011309,37.037037037,1.0,0.835,0.0
92992602.89299202,0.895641743302679,0.6522325229437237,0.6559489475758816,0.4724741615692892,0.12769010043041606,0.15943637040908057,0.09473331866583957,0.1894248552040232,0.1912182714535411,0.12081945643057118,0.14680795560132584,0.09899592862155975,2.37074829932,1.7173601147776183,0.7819225251076041,0.0
131936150.80500889,0.9570257845292824,5.099412070876162,7.293200492275307,0.48902052905729754,0.051,0.1691594363704091,0.17109473331866584,0.14418942485520403,0.12619121827145355,0.14912081945643058,0.12214680795560133,0.11909899592862157,7.29927007299,0.447,0.648,0.0
87784351.71063304,0.7921428571428571,1.560988915788757,0.004921150428085616,0.4420087684336389,0.2,0.03383188727408182,0.034218946663733166,0.2288378849710408,0.6252382436542907,0.029824163891286115,0.22442936159112029,0.023819799185724314,1.25,0.2,0.2,0.0
110117436.71003509,2.9130434782608696,1.6021876759134723,8.41893915893808,0.7444444444444445,0.081,0.1270338318872741,0.15203421894666375,0.14122883788497104,0.13262523824365427,0.15402982416389127,0.14522442936159113,0.14902381979918572,4.87804878049,0.076,0.648,0.0
144831176.85465693,1.8576709796672828,0.06263844703205072,7.585814213900544,0.6500646830530401,0.105,0.10112703383188727,0.19815203421894664,0.13614122883788496,0.12513262523824367,0.1661540298241639,0.11514522442936159,0.1591490238197992,8.40336134454,0.081,0.784,0.0
104889629.7114799,0.49967637540453075,0.002471168986991201,0.13097195631053368,0.3331894691411308,0.03773584905660377,0.29623350335743326,0.09558586185043362,0.0889065486090433,0.0385228466996116,0.12683115742027776,0.17682481273226014,0.18339087436364654,4.18421052632,0.0,0.0,0.0
183388547.1450839,1.2417857531605219,0.2341520267676711,25.319042395415316,0.5539270429432533,0.62,0.15029623350335744,0.08009558586185044,0.16708890654860903,0.2000385228466996,0.20112683115742028,0.11817682481273227,0.08418339087436365,20.0,0.02,0.76,0.0
182507361.4299121,1,0.0,4.361012036797509,1.0,0.053,0.16015029623350335,0.13408009558586184,0.1501670889065486,0.1542000385228467,0.12020112683115743,0.11611817682481274,0.16608418339087436,3.10559006211,1.703,0.553,0.0
102225680.06093192,3.7849956041809123,1.4562603047616534,1.4148460534944909,0.7910133921280418,0.015,0.1531601502962335,0.15013408009558585,0.15715016708890656,0.15515420003852284,0.13812020112683115,0.10811611817682482,0.13916608418339085,1.7793594306,0.019,0.015,0.0
114642812.15475392,0.8444714459295262,6.000522728554456,2.4953191100532286,0.45783926218708826,0.093,0.15815316015029623,0.1721501340800956,0.1351571501670889,0.12515515420003853,0.13013812020112683,0.14510811611817684,0.1351391660841834,3.20512820513,0.04,0.399,0.0
178530639.66917706,1.5106718497872964,8.774023343570875,11.653529074086414,0.6017002380917603,0.117,0.0991581531601503,0.1101721501340801,0.1481351571501671,0.13912515515420004,0.17313013812020114,0.1861451081161182,0.14513513916608417,45.4545454545,0.072,1.33,0.0
195701648.431597,0.2728323699421965,0.04061692920679879,1.5849432157870396,0.21435059037238874,0.454,0.18209915815316013,0.12311017215013408,0.15414813515715017,0.1471391251551542,0.1131731301381202,0.14818614510811615,0.1331451351391661,2.77777777778,0.135,0.241,0.0
73459751.31898594,1.7256317689530687,0.1670139059785938,27.744303014993307,0.633112582781457,0.05,0.094,0.382,0.014,0.034,0.309,0.069,0.098,40.0,0.669,0.926,0.0
159827331.25061297,0.5898174831892411,0.18650126837981398,0.1254153456930923,0.37099697885196375,0.3130434782608696,0.14823478260869566,0.18861739130434782,0.13484347826086956,0.10884347826086956,0.19264782608695652,0.11334347826086956,0.11781739130434782,3.06666666667,0.20869565217391303,0.4,0.0
134775397.41941905,247.71005917159763,0.09167251765951615,0.6968393475237347,0.9959792539017891,0.09615384615384616,0.16761688963210702,0.13582447045707916,0.1226592530657748,0.22505668896321068,0.12944005016722407,0.17380348383500557,0.05203729096989967,4.0,0.00641025641025641,0.26282051282051283,0.0
137385669.04442596,158.4,1.2395353983022235,23.854295886860296,0.9937264742785445,0.663,0.14616761688963212,0.14613582447045706,0.14212265925306578,0.15222505668896322,0.11712944005016723,0.11917380348383501,0.1780520372909699,27.027027027,0.47,0.406,0.0
159008091.301589,1.2148611366562443,0.571080372430661,0.7243103106090115,0.5485044261015429,0.04,0.1281461676168896,0.13514613582447046,0.19614212265925307,0.16215222505668897,0.08611712944005016,0.14111917380348382,0.15217805203729096,6.57894736842,0.285,0.96,0.0
70672902.97651696,0.7550626808100289,0.3154136742820211,0.4022135613906393,0.43021978021978025,0.06769230769230769,0.21577891128497503,0.11733891118715221,0.05598812960818232,0.09280662223094366,0.10180343732135401,0.19120344361170302,0.22816054785242246,4.22077922078,0.23076923076923078,0.8676923076923077,0.0
138055682.05856895,16.10446247464503,0.3504672844937559,50.97796986736318,0.9415357248739994,0.255,0.14621577891128498,0.11311733891118715,0.11405598812960818,0.09209280662223093,0.10910180343732136,0.2011912034436117,0.22522816054785244,19.2307692308,0.019,0.643,0.0
163371027.91073704,1.070264765784114,0.002644287702199174,1.4220979262427158,0.5169699950811608,0.907,0.1391462157789113,0.1301131173389112,0.14211405598812962,0.14609209280662225,0.1411091018034373,0.1432011912034436,0.15922522816054785,11.9047619048,0.005,0.004,0.0
65060141.715173006,0.27912087912087913,0.1553762370247416,0.02788804254290234,0.218213058419244,0.047619047619047616,0.006626010275186252,0.006195862730424343,0.006767335999434744,0.1021948615622201,0.10195757627635416,0.4830095805334973,0.34091548705526414,5.25,0.19047619047619047,1.0952380952380953,0.0
97656053.19717598,0.9205295643617497,0.8714667162328146,0.8608498628370849,0.4793102805827775,0.0,0.14021301650543833,0.13093422253889733,0.14639872921237054,0.13412597408408478,0.15886799750131583,0.16029176245415824,0.1302483664815003,2.68698060942,0.05567010309278351,0.01134020618556701,0
70183197.18455005,0.42302357836338417,0.19204596742091853,0.05662893911129649,0.297270955165692,0.08695652173913043,0.1552220220979443,0.08980291788128038,0.30753040715679064,0.046394042914871404,0.046931912989159046,0.2208759078794382,0.15500539927133697,2.3,0.32608695652173914,0.7391304347826086,0.0
122103830.68155408,1,0.005660756064260135,0.3927149519580469,1.0,0.005405405405405406,0.13181121085062691,0.1425041494015879,0.13028383857145368,0.1298133225998466,0.20008456200538585,0.12832590253671972,0.13901802774643485,1.44908616188,0.08108108108108109,0.025225225225225224,0.0
73371980.41897011,0.8286489151873767,0.007065367420094459,0.00117756123668241,0.453148173115815,0.0,0.13181121085062691,0.1425041494015879,0.13028383857145368,0.1298133225998466,0.20008456200538585,1.1283259025367198,0.13901802774643485,1.0,0.0,0.0,0
90909992.15817189,1.1787896253602306,0.27751404879790414,2.3142010576126597,0.5410295751547537,0.259,0.13113181121085063,0.20214250414940158,0.13613028383857148,0.16512981332259982,0.10720008456200539,0.07612832590253672,0.18413901802774643,6.13496932515,0.405,1.196,0.0
167202335.980227,1001.8975903614457,0.010334783840605849,450.90661896563324,0.9990028892185895,0.039,0.9031311318112109,0.00020214250414940158,0.00013613028383857147,0.00016512981332259983,0.00010720008456200539,7.612832590253673e-05,0.09718413901802775,500.0,0.606,1.009,0.0
165736960.5012579,55.42919964819701,0.0,69.4705439581934,0.9822786783042394,1.0,0.23390313113181121,0.0030002021425041495,1.3613028383857147e-07,0.11500016512981333,0.21200010720008455,0.2200000761283259,0.21709718413901802,166.666666667,0.192,0.0,0.0
155480584.09680104,3.2849365723383492,0.01000253510130721,53.056224659306025,0.7666243168088983,0.97,0.1462339031311318,0.14100300020214251,0.13200000013613028,0.1301150001651298,0.1472120001072001,0.15222000007612832,0.15221709718413903,21.7391304348,0.001,0.002,0.0
147888095.86234498,1.3621642819076731,2.1698135886385725,25.090149267009192,0.576659418796899,0.005,0.11614623390313113,0.14914100300020214,0.08313200000013612,0.3041301150001651,0.1391472120001072,0.03415222000007613,0.17515221709718412,62.5,1.703,1.022,0.0
131762906.9367249,6.587952697708795,0.0386876710487874,0.018360250667221138,0.8682121463010763,0.0,0.6232292467806262,0.029828200600040426,0.21662640000002722,0.06082602300003302,0.027829442400021442,0.006830444000015226,0.23503044341943685,1.66666666667,0.0,0.6,0
108730572.80372691,0.8334956183057449,0.0,1.9301434232194767,0.45459373340414233,0.994,0.7676232292467806,2.9828200600040427e-05,0.00021662640000002722,6.082602300003302e-05,2.7829442400021443e-05,0.006006830444000015,0.22723503044341942,333.333333333,0.0,0.0,0.0
150153309.62005496,0.275,0.002877059460714682,0.012659061627144601,0.21568627450980393,0.0,0.17125560132939913,1.3558273000018376e-06,0.13637348301818183,0.09091185572831817,0.31818308315647276,0.09118212865654546,0.23760159229288272,2.0,0.0,0.5,0
148370707.4522581,1.008443589543639,0.08094320102817047,9.812761730400725,0.5021020230758777,0.005,0.21417125560132938,0.1080000013558273,0.11713637348301818,0.10209091185572833,0.15831818308315648,0.14909118212865655,0.15223760159229288,3.98406374502,0.391,0.539,0.0
150545164.18941998,1654.0857142857142,0.0,6.984535210157859,0.9993958016848502,0.85,0.16721417125560134,0.14810800000135582,0.14211713637348303,0.13210209091185574,0.15315831818308318,0.12314909118212866,0.13515223760159228,7.7519379845,0.034,0.001,0.0
72418831.54967904,1.271086036671368,0.1324296428812307,2.7380723460578786,0.5596820270773817,0.056,0.18816721417125562,0.11414810800000136,0.10514211713637349,0.10413210209091185,0.18915315831818308,0.11712314909118213,0.18313515223760157,3.58422939068,0.08,0.61,0.0
174839238.0980239,3.0644520910534676,0.02668508540047643,60.95367673716974,0.7539643775845788,0.779,0.127,0.127,0.117,0.114,0.12,0.213,0.182,17.8571428571,0.016,0.193,0.0
100443465.99103904,0.3664421997755331,0.5169714076237927,0.19956300593796988,0.2681724845995893,0.07860262008733625,0.27129694323144105,0.07479039301310043,0.10968122270742359,0.14023580786026202,0.15772925764192142,0.07079912663755458,0.17983406113537118,4.77083333333,0.034934497816593885,0.3056768558951965,0.0
66955557.38024497,0.17238689547581904,0.00129040819583248,0.06710122618328895,0.14703925482368596,0.8461538461538461,0.12060186429291232,0.13605366140409808,0.059801561975142754,0.11808145784346658,0.07995633187772927,0.039823060127645284,0.4649968088679879,2.6,0.21153846153846154,0.019230769230769232,0.0
147001579.6332481,1.2022008253094911,0.07581959342074406,0.05407288833107328,0.5459088069956277,0.010869565217391304,0.17522393330753164,0.11017449631960977,0.09847610393451242,0.17519653758525508,0.22912996012910575,0.13086764195790918,0.09201083487899986,2.24390243902,0.40217391304347827,0.40217391304347827,0.0
65651786.46045089,0.8293650793650794,0.010528274054147543,0.013160342567684427,0.45336225596529284,0.0,0.01946932592305907,0.012241610702178864,0.010941789326056935,0.13057739306502836,0.46990332890323394,0.2367630713286566,0.23244564831988887,1.8,0.0,0.6666666666666666,0
115819044.14685202,1.070516911295469,0.2663188962334254,0.2916826006366088,0.5170288179996918,0.0026666666666666666,0.13871858486912814,0.1600326442952058,0.16802917810486948,0.17368153971484007,0.08125307554374196,0.11796470152354308,0.16328652172885302,1.68161434978,0.512,0.032,0.0
68948039.07386088,0.3627968337730871,0.007518705491314434,1.5012348630991152,0.26621490803484993,0.912,0.15113871858486913,0.1481600326442952,0.13816802917810486,0.15817368153971484,0.12708125307554374,0.13211796470152354,0.14616328652172886,16.9491525424,0.031,0.047,0.0
69488038.82006693,0.9217124482461486,0.7174299468875409,0.3568499042577543,0.4796307840370966,0.020905923344947737,0.12944647637137585,0.1607949826921404,0.18863473180898294,0.08417482119003385,0.10497240854730155,0.23739413924983108,0.09807025535373425,3.41666666667,0.059233449477351915,0.21951219512195122,0.0
134979233.5971229,1.2023267577137076,0.007681181559339507,1.1784212708953359,0.5459347726228755,0.01,0.1251294464763714,0.12216079498269214,0.15018863473180896,0.12508417482119003,0.1161049724085473,0.21723739413924983,0.1450980702553537,5.49450549451,0.286,0.344,0.0
159595909.2718649,1.2908147413925943,0.003248203555875154,16.461354253915967,0.5634740854722733,0.939,0.18212512944647635,0.15112216079498267,0.19215018863473182,0.1601250841748212,0.09411610497240855,0.05121723739413925,0.17014509807025535,43.4782608696,0.132,0.045,0.0
105667368.95939994,0.1943181818181818,0.11529008548212064,0.039247688674764476,0.16270218839200762,0.10869565217391304,0.22135054629231468,0.06850265566945614,0.17809022149205936,0.09043750182988741,0.24117643706461758,0.04459167907378564,0.17761184995804905,1.24324324324,0.13043478260869565,0.8913043478260869,0.0
192668703.5694139,2.242334322453017,0.8601044016486923,7.205952883260081,0.6915802318486882,0.134,0.14322135054629231,0.13506850265566944,0.18617809022149207,0.1390904375018299,0.1402411764370646,0.15804459167907378,0.09917761184995806,12.3456790123,0.03,0.661,0.0
157076960.61518693,1.8714285714285714,0.015401367524080426,2.104486862397561,0.6517412935323383,0.759,0.1381432213505463,0.13613506850265567,0.11918617809022149,0.14413909043750184,0.16414024117643705,0.14715804459167908,0.15209917761184996,10.0,0.064,0.1,0.0
93422333.37612295,0.07766990291262135,0.0009248323915454917,0.0027744971746364753,0.07207207207207207,0.0,0.0460477404501821,0.04537835616755189,0.37306205936340714,0.04804636347916728,0.3880467470588123,0.38238601486389306,0.050699725870616656,1.0,0.0,0.6666666666666666,0
115796872.06754208,1.4299183764267014,0.2089175602764924,71.13642927414566,0.5884635427670033,0.009,0.13004604774045017,0.09404537835616757,0.07537306205936341,0.20204804636347917,0.1253880467470588,0.2453823860148639,0.12905069972587063,7.87401574803,0.941,0.77,0.0
104265548.70299101,59.460916442048514,4.405950054591923,80.03300134899324,0.9834603896393385,0.219,0.13513004604774045,0.19709404537835615,0.10207537306205935,0.12020204804636347,0.11912538804674706,0.16524538238601486,0.16212905069972586,26.3157894737,0.019,0.464,0.0
70155989.24998212,0.5596330275229358,0.001231541325604243,0.11330180195559035,0.3588235294117647,0.0,0.01233837006573631,0.09996841353672127,0.12067473231589196,0.24043697878311263,0.2947731020439864,0.18657875415636974,0.05611009837717093,4.0,0.17391304347826086,0.782608695652174,0
108070244.76999998,0.4931255728689276,0.8042768866211388,4.24204091492223,0.33026396562308163,0.979,0.14101233837006572,0.14109996841353672,0.14312067473231588,0.14324043697878314,0.139294773102044,0.15018657875415636,0.14305611009837718,10.5263157895,0.027,0.026,0.0
182403015.89509797,3.4442936668260113,17.018718603782833,126.55780216526776,0.7749923666241049,0.035,0.30814101233837005,0.00014109996841353672,0.0001431206747323159,0.00014324043697878315,0.00013929477310204398,0.21515018657875415,0.4771430561100984,333.333333333,0.873,0.968,0.0
73732858.20640206,1.1370277078085642,0.3831778760143991,2.9189482848680983,0.532060348892032,0.21,0.22830814101233834,0.3840001410999684,0.11400014312067473,0.10400014324043698,0.08700013929477311,0.05021515018657875,0.0334771430561101,18.1818181818,0.149,0.542,0.0
88902351.4958911,8.509345794392523,0.03401484830398174,13.442668049733586,0.8948402948402948,0.102,0.14022830814101234,0.3253840001410999,0.11711400014312068,0.09910400014324044,0.039087000139294774,0.16105021515018658,0.11903347714305611,28.5714285714,0.011,0.794,0.0
115248415.60410905,1.314201581571008,0.03898361618638872,0.3201154636843843,0.5678855256329292,0.021447721179624665,0.1665957863489035,0.15368735656874288,0.13704320107276977,0.07265175335159046,0.12879111796283993,0.20686608636769485,0.13704834712370792,2.96031746032,0.1769436997319035,0.9276139410187667,0.0
68695312.66551805,149.22413793103448,0.4464933459047485,64.8459265581888,0.9933432801560886,0.116,0.1421665957863489,0.12015368735656874,0.19113704320107278,0.21207265175335158,0.13712879111796283,0.0832068660863677,0.11513704834712371,18.1818181818,0.003,0.586,0.0
213656703.06794,1.1766958424507659,1.2269102547961892,17.8492392012027,0.5405880874591605,0.111,0.14914216659578636,0.11312015368735658,0.1301911370432011,0.12721207265175336,0.17613712879111795,0.12808320686608635,0.1771151370483471,8.06451612903,0.059,0.822,0.0
91713101.70636201,0.3033240997229917,0.030146183572027307,0.571835419631893,0.23273113708820403,0.6606260296540363,0.14357354557923524,0.15339887998960028,0.12047807436086194,0.07434466568805889,0.0661880348085521,0.15012863790258002,0.2935372572274273,5.67289719626,0.07742998352553541,0.171334431630972,0.0
72209250.73697305,2.430273300630694,0.0670052652619841,14.284086726742254,0.7084780388151175,0.999,0.17014357354557924,0.1481533988799896,0.12312047807436086,0.12907434466568804,0.13506618803480852,0.13915012863790258,0.15629353725722742,20.0,0.0,0.001,0.0
138872572.27442193,1,0.6551272040977157,0.2221086532411059,1.0,0.014044943820224719,0.13764044943820225,0.1601123595505618,0.15168539325842698,0.15168539325842698,0.15168539325842698,0.1151685393258427,0.13202247191011235,1.61085972851,0.05056179775280899,0.03651685393258427,0.0
85871541.26142907,2.0235783633841886,0.5282308822419419,11.585864017173261,0.6692660550458716,0.137,0.1631376404494382,0.08816011235955057,0.1581516853932584,0.08715168539325842,0.13815168539325842,0.18611516853932586,0.18013202247191012,6.41025641026,0.029,0.874,0.0
174957076.47665095,1.2325581395348837,0.9777941163919172,6.85641086463908,0.5520833333333334,0.056,0.23816313764044944,0.13008816011235955,0.13415815168539325,0.11008715168539325,0.11613815168539325,0.1301861151685393,0.14218013202247193,5.52486187845,0.085,0.862,0.0
181902426.868073,2.1936758893280635,0.020899116440910148,0.3329609232972276,0.6868811881188119,0.0689149560117302,0.05166886090563116,0.25385643425236415,0.18348117031038916,0.07494147676200204,0.12187117031038913,0.1512172816937955,0.16443134916718838,6.88888888889,0.33724340175953077,0.4281524926686217,0.0
116651799.8340869,0.6095661846496107,0.036292624768939886,4.369928288505007,0.37871458189357293,0.361,0.15205166886090563,0.11325385643425236,0.10218348117031038,0.168074941476762,0.10712187117031038,0.17815121728169378,0.18016443134916718,3.80228136882,0.534,1.674,0.0
216893224.61231208,350916.02857142856,0.001195058077371064,50.627440389747754,0.9999971503235279,0.615,0.1631520516688609,0.09711325385643425,0.1271021834811703,0.16116807494147675,0.15610712187117032,0.1121781512172817,0.18418016443134916,52.6315789474,1.383,0.325,0.0
128849687.49212909,1.1600653327888935,0.11399329160885416,1.7018527888427757,0.5370510396975425,0.082,0.27516315205166886,0.14509711325385644,0.08412710218348117,0.11416116807494149,0.19115610712187117,0.07811217815121728,0.11318418016443135,6.25,0.421,0.572,0.0
78801290.00775099,0.9311995650242353,0.1951643177223023,1.041607313686445,0.4821871244635193,0.013785790031813362,0.13072657810397845,0.1592206756238111,0.14643067561207157,0.16661098745288963,0.09988457699588746,0.1443034063395029,0.15388460676581595,3.44160583942,0.2046659597030753,0.23753976670201485,0.0
86293360.6163671,0.9650423250017757,0.06307785397533351,88.06769774311684,0.4911051088942339,0.002,0.401130726578104,0.14415922067562384,0.025146430675612074,0.01816661098745289,0.027099884576995886,0.2271443034063395,0.15815388460676583,100.0,0.074,0.998,0.0
118030107.94878793,0.5764705882352941,0.0300126811841688,0.2020365855324534,0.3656716417910448,0.1018867924528302,0.19774011594935134,0.05337418573839858,0.0868873450214174,0.11704968532448096,0.25670603730029057,0.13670620491851448,0.1553137882437991,6.625,0.12075471698113208,0.5018867924528302,0.0
66015107.824594975,0.5882687927107062,1.0404890980789885,0.9475649144769656,0.3703836500537827,0.21408839779005526,0.09281455817120077,0.18653780964880992,0.21973326981356547,0.14242686420624928,0.09013357187472416,0.11759213564215264,0.15214822346442514,13.9230769231,0.06353591160220995,0.3314917127071823,0.0
146525929.35380912,0.5815523059617548,0.004717253820182178,0.45344602346501184,0.36770981507823614,0.11320754716981132,0.094464709647131,0.12019749030949975,0.17549829281646032,0.11744262380620787,0.16588966788662363,0.13627707834992203,0.19157971458687928,3.67326732673,0.11725067385444744,0.5350404312668463,0.0
77423478.8004241,2.6476510067114094,0.7130860154490705,4.4615303439207885,0.7258509659613616,0.045,0.19309446470964714,0.1511201974903095,0.12417549829281646,0.1311174426238062,0.11216588966788663,0.1321362770783499,0.1571915797145869,6.66666666667,0.033,0.849,0.0
78870212.38548207,0.61441647597254,0.014241117983939289,1.0089284356313912,0.38058114812189936,0.0010857763300760044,0.11313039572715489,0.4572759176954292,0.1684301579786024,0.027286772467561133,0.00012178706804330796,0.13043663005111655,0.10440520258383776,153.5,0.09446254071661238,0.13246471226927253,0.0
68307346.34593701,1.7099476439790575,0.5034187659091427,39.78526096207582,0.6309891808346213,0.385,0.10911313039572715,0.07945727591769543,0.1361684301579786,0.15602728677246755,0.19500012178706805,0.12413043663005112,0.20110440520258385,2.77777777778,0.091,0.567,0.0
65147107.125554085,0.45973645680819913,0.37797534052500065,1.6140210155050028,0.3149448345035105,0.106,0.15710911313039572,0.0910794572759177,0.13613616843015797,0.22315602728677247,0.17419500012178707,0.057124130436630054,0.16220110440520258,18.1818181818,0.296,0.964,0.0
136522953.037292,0.9554692852249372,0.061387479640223855,11.053543498929379,0.48861380357351397,0.009,0.1371571091131304,0.04609107945727592,0.05813613616843016,0.24722315602728678,0.1741741950001218,0.21605712413043665,0.1221622011044052,8.92857142857,0.707,0.706,0.0
121783031.985919,0.8346618668038056,0.07165530253023245,14.169303981522795,0.4549404344779257,0.131,0.16113715710911314,0.11204609107945729,0.09505813613616843,0.1472472231560273,0.1971741741950001,0.11221605712413044,0.1761221622011044,7.87401574803,0.17,0.704,0.0
75139886.63064194,1.9761336515513126,1.1855008570597705,29.286815547344666,0.6639935846030474,0.184,0.1191611371571091,0.19811204609107946,0.13909505813613618,0.09214724722315602,0.132197174174195,0.17611221605712413,0.1441761221622011,16.6666666667,0.02,0.735,0.0
65337060.850430965,3.117246835443038,0.0224803500629201,22.5623372219731,0.7571192498366703,0.005,0.122,0.149,0.123,0.146,0.242,0.099,0.119,13.5135135135,1.872,1.014,0.0
114311369.49398303,1.2446043165467626,0.5132087933133193,1.0226384349822104,0.5544871794871795,0.088,0.16712200000000002,0.126149,0.137123,0.105146,0.22724200000000003,0.136099,0.102119,3.32225913621,0.13,0.474,0.0
84775262.67256498,4.249386859429457,1.751945028747928,0.8581371228654772,0.809501561462611,0.05263157894736842,0.16366637396121886,0.15252929224376732,0.14284920083102493,0.21344203047091412,0.07510698337950139,0.09160124515235457,0.16219130055401662,4.29761904762,0.07894736842105263,0.4556786703601108,0.0
99815434.92709398,4.331768020662127,0.29343758328953196,14.531652354763017,0.8124449533204157,0.032,0.09416366637396122,0.19415252929224378,0.12314284920083102,0.1572134420304709,0.1440751069833795,0.12809160124515237,0.160162191300554,4.97512437811,0.169,0.44,0.0
121752368.834661,0.8171188026192704,0.0,0.20224657832685988,0.44967824967824965,0.056140350877192984,0.15822513567148758,0.08840053519049909,0.11622155385684503,0.165463906814142,0.19699675476134518,0.13027400561840405,0.14793039365368615,2.71428571429,1.0210526315789474,0.1649122807017544,0.0
101988293.7558279,1.5223038204472317,0.01779027703261601,159.743133256105,0.6035370553327357,0.031,0.1441582251356715,0.026088400535190497,0.06411622155385685,0.28716546390681413,0.21119699675476136,0.0831302740056184,0.18514793039365368,142.857142857,0.727,1.174,0.0
66956068.45238304,2.0572012257405516,2.1059301010225533,18.457857944256496,0.6729034413631808,0.031,0.07314415822513567,0.14302608840053518,0.08906411622155386,0.15828716546390684,0.21021119699675478,0.16508313027400562,0.16218514793039368,13.5135135135,0.02,1.186,0.0
113044358.214998,0.9966889654706399,0.047386708055009275,1.0730796469231132,0.49917086872652205,0.117,0.15007314415822515,0.14914302608840052,0.13408906411622154,0.13615828716546388,0.14521021119699673,0.14716508313027402,0.13916218514793038,3.20512820513,0.012,0.078,0.0
123302246.72254205,2.2745478036175713,0.4778891023177715,15.554519491568756,0.6946143223515486,0.121,0.18715007314415824,0.1031491430260884,0.1451340890641162,0.09113615828716547,0.08814521021119699,0.2601471650831303,0.12613916218514795,25.0,0.021,0.929,0.0
114546698.92712593,0.915474954062475,0.2896425677103749,88.55368941232665,0.4779362696029363,0.128,0.0021871500731441584,0.1571031491430261,0.16914513408906412,0.046091136158287166,0.4310881452102112,0.19226014716508313,0.003126139162185148,37.037037037,0.584,0.877,0.0
204931220.53084707,0.9963738577043355,5.229586771717306,116.38360196273709,0.49909181782718937,0.784,0.19800218715007314,0.022157103149143025,0.16316914513408906,0.2520460911361583,0.1864310881452102,0.00019226014716508313,0.1790031261391622,142.857142857,0.169,0.925,0.0
73741078.50135994,1.6081055607917059,0.3140067987963177,2.036357523537314,0.6165799363978028,0.079,0.09719800218715008,0.14002215710314914,0.14516316914513408,0.13925204609113614,0.23618643108814522,0.14300019226014718,0.10017900312613917,6.89655172414,0.483,0.395,0.0
185778435.367867,4.442655491839435,0.17533143680266955,4.241904602326655,0.8162661587713256,0.286,0.14409719800218715,0.09614002215710314,0.15914516316914512,0.09713925204609114,0.15623618643108814,0.11614300019226015,0.23210017900312613,11.9047619048,0.006,0.546,0.0
137433032.80746388,0.8503311258278146,0.31433491001046904,3.401103726313275,0.4595561918396564,0.454,0.15914409719800218,0.1150961400221571,0.14815914516316914,0.17509713925204606,0.1251562361864311,0.15311614300019227,0.12523210017900313,9.25925925926,0.076,0.241,0.0
68548562.32700801,42.09640831758034,1.5931712685529456,169.4395623440198,0.9767962101938766,0.272,0.033159144097198,0.0001150961400221571,0.22614815914516317,0.06717509713925204,0.3661251562361864,0.2091531161430002,0.09912523210017901,166.666666667,0.057,0.863,0.0
69393299.74566102,0.95,0.0012450769788534572,0.0012450769788534572,0.48717948717948717,0.0,0.033159144097198,0.0001150961400221571,1.226148159145163,0.06717509713925204,0.3661251562361864,0.2091531161430002,0.09912523210017901,1.0,0.0,0.0,0
172729834.39169788,1.40317100792752,1.4765995746954697,4.116171375396009,0.5838831291234684,0.09,0.1310331591440972,0.12100011509614002,0.12222614815914516,0.20106717509713926,0.1293661251562362,0.150209153116143,0.14709912523210017,7.29927007299,0.011,0.658,0.0
152022086.24326205,4.323684210526316,0.24381720390738834,46.28093834169335,0.8121601581809195,0.112,0.3761310331591441,0.06612100011509614,0.30012222614815914,0.13120106717509714,0.10412936612515623,0.023150209153116143,0.00014709912523210017,125.0,0.082,0.924,0.0
165152773.1728301,0.9091570791265555,0.18258004041170214,21.046404085280166,0.47620863105852834,0.006,0.15737613103315914,0.15606612100011508,0.11730012222614816,0.12013120106717509,0.14210412936612515,0.15502315020915314,0.15300014709912524,21.7391304348,0.272,0.623,0.0
194229481.95212197,2.644842222278366,0.042259289977529216,2.963488314003154,0.725639701524609,0.089,0.135,0.107,0.175,0.108,0.178,0.108,0.189,3.58422939068,0.093,0.48,0.0
86633779.637676,1.441326530612245,1.7901562259965635,2.6797491806422093,0.5903866248693835,0.066,0.107135,0.143107,0.115175,0.149108,0.152178,0.200108,0.134189,9.25925925926,0.013,1.181,0.0
100560426.97220993,0.8112203112203112,0.09880626305162599,2.293164487693824,0.44788605019217725,0.498,0.149107135,0.19014310699999998,0.08911517499999999,0.13214910800000002,0.16615217799999998,0.098200108,0.176134189,9.09090909091,0.05,0.508,0.0
113886442.16579294,0.919728065251131,0.3110466823472337,0.4028433861619051,0.47909288919564547,0.022774327122153208,0.19078490090062114,0.11219491326501034,0.12233771257763976,0.1472715302443064,0.13906035647619047,0.15134202920910972,0.13908102316563145,2.94512195122,0.060041407867494824,0.051759834368530024,0.0
127359048.56604505,4.409221902017291,0.3493744692739719,11.77086682790813,0.8151305274374001,0.031,0.05919078490090062,0.153112194913265,0.15212233771257763,0.2041472715302443,0.11013906035647619,0.1571513420292091,0.16513908102316563,6.71140939597,0.049,0.876,0.0
164684374.95258093,1.075816725933127,1.1804398568836623,3.446884382100294,0.518261902649196,0.006,0.1510591907849009,0.13215311219491327,0.11615212233771256,0.14220414727153025,0.19711013906035646,0.1321571513420292,0.13016513908102317,2.5974025974,0.22,0.051,0.0
135010355.71008205,809.6969696969697,0.007679410920347466,4.864266867130091,0.998766493477367,0.008,0.15015105919078492,0.12713215311219492,0.13711615212233771,0.1301422041472715,0.19219711013906035,0.13313215715134202,0.13113016513908102,3.663003663,0.071,0.183,0.0
180302375.90949392,3.7681534480133965,0.18113571623922406,41.50068440449206,0.7902752059255476,0.016,0.014150151059190786,0.3301271321531122,0.4241371161521223,0.016130142204147272,0.04719219711013906,0.06613313215715134,0.10313113016513908,41.6666666667,0.094,0.986,0.0
104664681.70911193,1.1381733021077283,0.8956602979077212,3.273081180833285,0.5323110624315444,0.216,0.15901415015105919,0.1063301271321531,0.14242413711615212,0.14801613014220413,0.17804719219711013,0.15706613313215714,0.11010313113016514,4.44444444444,0.07,0.296,0.0
131090177.90669489,1.335334011568225,0.7711332886583667,16.193139973544795,0.5717957281286374,0.011,0.15715901415015104,0.10110633012713216,0.17814242413711617,0.0871480161301422,0.16817804719219712,0.19515706613313216,0.11411010313113015,12.987012987,0.553,0.921,0.0
94617100.0683341,1.0562118902439024,0.017349929334278986,0.6172922226301365,0.5136687980724678,0.023952095808383235,0.11700173505112299,0.13787590767983102,0.2532606922517023,0.1543220778684583,0.13947332042992844,0.10208855848223523,0.09747621272923823,4.73758865248,1.2020958083832336,0.9356287425149701,0.0
237992101.63065195,2.127596700921801,0.02359742176954957,0.05772292402089818,0.6802656814079422,0.2727272727272727,0.1546643477975603,0.1548103210327261,0.14862420064511678,0.13394630823684237,0.14083547776524424,0.11959502488449117,0.15452780568342123,1.04379562044,2.3986013986013988,0.06993006993006994,0.0
71821834.71577096,0.3491975650249032,0.5136710882700259,1.97047597795387,0.25881870385561934,0.128,0.08515466434779756,0.08215481032103272,0.18014862420064512,0.24813394630823682,0.17914083547776524,0.07311959502488449,0.15315452780568342,19.6078431373,0.082,0.88,0.0
113878848.85435104,1.7470588235294118,0.045522061841617674,1.062181442971079,0.6359743040685225,0.013,0.0880851546643478,0.07708215481032103,0.11718014862420065,0.17624813394630823,0.21117914083547776,0.18207311959502487,0.14915315452780567,6.80272108844,0.129,0.705,0.0
138897054.44595695,0.9891304347826086,0.4037061853015574,8.204130782653683,0.4972677595628415,0.789,0.15108808515466435,0.1540770821548103,0.14311718014862418,0.1431762481339463,0.12721117914083546,0.13818207311959504,0.14414915315452784,9.52380952381,0.015,0.065,0.0
73453429.66837001,3.2432432432432434,0.6516455421633164,10.281649249186911,0.7643312101910829,0.1,0.20315108808515467,0.11815407708215481,0.10714311718014863,0.15414317624813395,0.08912721117914083,0.1141381820731196,0.21514414915315452,10.2040816327,0.035,0.958,0.0
150421209.08696604,1.0048379246568675,0.515799603466443,8.309657977003376,0.501206562534898,0.035,0.12120315108808515,0.12311815407708215,0.14110714311718014,0.08715414317624814,0.19308912721117916,0.19311413818207313,0.14221514414915315,3.25732899023,0.094,0.088,0.0
121387270.4835031,0.9369449378330373,3.905490238899708,7.2856931083246605,0.48372306281522237,0.003,0.15412120315108807,0.13512311815407707,0.10714110714311718,0.09208715414317625,0.23219308912721118,0.12219311413818207,0.15814221514414917,10.0,0.024,0.796,0.0
146028832.71303105,0.34507042253521125,0.299973636617935,0.2437655587506691,0.25654450261780104,0.12254901960784313,0.08861304216458601,0.21601745862292665,0.1767331889880959,0.14483354694642933,0.17458870855178238,0.07382890469151515,0.12783858386064742,3.37190082645,0.14215686274509803,0.08823529411764706,0.0
166419004.4033749,1.291691740634873,0.29852359817982727,38.66581477920142,0.5636411379992287,0.021,0.165,0.079,0.121,0.11,0.17,0.198,0.157,29.4117647059,0.698,1.108,0.0
65878773.9119761,69.22739726027397,0.0,3.526623010780788,0.9857605430499746,0.012,0.143165,0.14707900000000002,0.13012100000000001,0.14311000000000001,0.13517,0.13919800000000002,0.16315699999999997,2.93255131965,0.587,0.021,0.0
157553450.06244302,214.7948717948718,4.377211668336515,29.0731964180066,0.995365969581749,0.005,0.152143165,0.14614707899999999,0.163130121,0.10414311000000001,0.15613517000000002,0.13213919799999999,0.14716315700000002,5.02512562814,0.504,0.275,0.0
145546875.2209661,24.414711477488904,0.00474898550003657,11.743053895215429,0.9606527108959805,0.008,0.15415214316499998,0.123146147079,0.134163130121,0.14710414311,0.14515613517,0.154132139198,0.143147163157,14.9253731343,0.076,0.107,0.0
67884427.8784039,0.5370611183355006,0.5091005563441536,0.2545502781720768,0.3494077834179357,0.045,0.140770760715825,0.115615730735395,0.045670815650605,0.16573552071555,0.16572578067584998,0.22077066069599,0.150715735815785,2.81690140845,0.215,0.53,0.0
106916390.10253191,1.2117824773413897,1.027105384821625,5.480589079355043,0.5478759732277011,0.788,0.16114077076071584,0.13211561573073538,0.15004567081565062,0.15516573552071555,0.15316572578067583,0.12822077066069598,0.12115071573581579,5.4347826087,2.93,0.861,0.0
96885355.27399898,11035.5,0.6670481809890616,3.3396997831604756,0.9999093915643547,0.234,0.1451611407707607,0.14113211561573075,0.15115004567081564,0.12915516573552072,0.11415316572578067,0.15712822077066071,0.1631211507157358,2.10526315789,0.046,0.027,0.0
100086987.40846395,0.848089468779124,0.16833357098902182,3.511697265555594,0.4589006555723651,0.02,0.08514516114077077,0.11214113211561573,0.14115115004567083,0.1321291551657355,0.16311415316572578,0.15815712822077066,0.20916312115071573,19.2307692308,0.077,0.588,0.0
155277670.3840351,1.0573188745181397,14.863716040379863,33.5890046978464,0.5139304789422993,0.482,0.22708514516114076,0.09911214113211562,0.2091411511500457,0.14413212915516574,0.11416311415316573,0.10415815712822078,0.10320916312115071,100.0,0.058,0.339,0.0
201867331.5565021,1.0815932407966204,0.3950475759753082,3.2096010533465185,0.5195987475356605,0.079,0.18022708514516114,0.10109911214113211,0.17220914115115005,0.19214413212915515,0.13911416311415317,0.10410415815712823,0.11210320916312115,5.0,0.43,0.218,0.0
78795128.99298501,0.8760490639122014,0.0,0.007675601369392317,0.46696490020646936,0.42857142857142855,0.16860386930645158,0.15729987316301888,0.45317273445016426,0.02744916173273645,0.019873451873450455,0.1577291654510183,0.15887188702330302,1.16666666667,0.5714285714285714,0.7142857142857143,0.0
156331282.885036,1.182829913071902,1.8663750121884815,25.447252313060837,0.5418791019806498,0.069,0.13916860386930646,0.12315729987316303,0.12845317273445017,0.14802744916173274,0.14801987345187345,0.14115772916545102,0.1731588718870233,3.43642611684,1.283,0.109,0.0
76810352.54053092,3.525,0.6951562938319372,3.683878417960509,0.7790055248618785,0.162,0.12113916860386931,0.18112315729987316,0.10412845317273445,0.14214802744916172,0.18114801987345186,0.12514115772916545,0.14617315887188703,4.54545454545,0.017,0.408,0.0
182220887.19113994,4.870796460176991,0.03556123614524403,11.367267671281072,0.8296653602653,0.021,0.17112113916860386,0.2071811231572999,0.10510412845317274,0.08414214802744917,0.04718114801987345,0.12712514115772916,0.2591461731588719,10.2040816327,0.028,0.81,0.0
126073992.92175388,1.3708637800843704,2.0819773683451643,29.996784525950027,0.5782127980526939,0.021,0.1221711211391686,0.1282071811231573,0.17910510412845318,0.14908414214802745,0.1450471811480199,0.11612712514115774,0.16125914617315884,4.06504065041,0.408,0.296,0.0
64760665.52830291,0.14285714285714285,0.001334143176188328,0.01200728858569495,0.125,0.1111111111111111,0.45801901345990764,0.1253563534581286,0.019900567125383687,0.01656490468311416,0.0161163534608911,0.4573474583490175,0.01791768290812876,3.0,0.1111111111111111,0.5555555555555556,0.0
66563880.25034499,0.45141065830721006,0.0882640852351685,0.5490545302128864,0.31101511879049676,0.030878859857482184,0.20298816867805203,0.14519087019823784,0.18532042890053532,0.11642889526052996,0.09742545452128477,0.1127252908749383,0.14256037454372478,13.15625,0.18527315914489312,0.3847980997624703,0.0
198544996.1145661,0.3637873754152824,0.22933239764816982,0.1122727867044171,0.26674786845310594,0.30739299610894943,0.164213961745829,0.12118751311361182,0.13690786159105267,0.1560950540671616,0.1676942624689544,0.09771488440029158,0.16008778355853587,1.54819277108,0.2140077821011673,0.23346303501945526,0.0
70117988.00173092,0.5622914349276974,0.3980034338593841,0.2871046442391223,0.3599145603417586,0.07758620689655173,0.05674230155924927,0.3151775323841104,0.35834874078272005,0.05670730626753087,0.06537799251064204,0.04352463312241505,0.10844865423947646,5.65853658537,0.02586206896551724,0.3232758620689655,0.0
74393743.91389704,18.67283950617284,0.7072852800754236,60.48392463226269,0.9491684970191403,0.365,0.18405674230155927,0.1963151775323841,0.10435834874078272,0.058056707306267524,0.08806537799251063,0.2210435246331224,0.14910844865423947,38.4615384615,0.008,0.885,0.0
171871972.44249892,0.913923653133016,0.36847892707572166,8.914374916553577,0.47751311899874366,0.04,0.18118405674230156,0.10219631517753239,0.09910435834874079,0.14305805670730626,0.1940880653779925,0.13722104352463313,0.14414910844865422,2.82485875706,0.255,0.489,0.0
204547722.80397797,0.9387860082304527,0.07180720371096869,3.6866663175843217,0.48421331918280713,0.055,0.1721811840567423,0.07410219631517753,0.10809910435834874,0.0411430580567073,0.232194088065378,0.19213722104352463,0.18114414910844867,10.8695652174,0.557,0.596,0.0
177120678.5045421,1.1061287177297552,0.7034119395427058,48.39737557678887,0.5251952116782667,0.023,0.101,0.236,0.165,0.153,0.118,0.139,0.088,4.9504950495,0.846,0.709,0.0
132195465.20009708,2.360294117647059,1.030691936321428,8.002404608953432,0.7024070021881839,0.036,0.167101,0.18723599999999999,0.11016499999999999,0.06615299999999999,0.173118,0.164139,0.13308799999999998,8.77192982456,0.02,0.924,0.0
68084869.51562905,0.408,0.059643207498074634,1.3248406091061686,0.2897727272727273,0.817,0.126167101,0.15218723599999998,0.135110165,0.158066153,0.12917311799999998,0.147164139,0.15313308799999997,18.5185185185,0.149,0.041,0.0
137552941.5430889,2.2006472491909386,0.9836387247132485,7.779916503383331,0.6875631951466128,0.086,0.09812616710099999,0.121152187236,0.17213511016500002,0.104158066153,0.24312917311799997,0.111147164139,0.151153133088,8.92857142857,0.024,0.485,0.0
132440716.4235959,1.2123531378355143,1.0457448716679147,58.42862987277924,0.5479925953510462,0.285,0.16409812616710098,0.054121152187235996,0.13717213511016502,0.187104158066153,0.202243129173118,0.133111147164139,0.123151153133088,14.0845070423,0.012,0.893,0.0
221329076.08020592,131.14912280701753,0.0741701013293487,0.08627153891466348,0.9924327912379688,0.19101123595505617,0.19285503512547306,0.1129676533953622,0.17008058578775465,0.09198993436029385,0.12586790032778783,0.18127091176588922,0.13621518149587739,2.17073170732,0.16853932584269662,0.6067415730337079,0.0
226561675.4073391,0.3927355278093076,0.025932011623046473,3.7509892106512517,0.28198859005704974,0.266,0.12019285503512547,0.19911296765339534,0.11017008058578776,0.1960919899343603,0.15512586790032779,0.1491812709117659,0.07113621518149589,7.63358778626,0.495,1.183,0.0
71901346.53597593,0.49631966351209256,0.31242808490046997,7.445401592474276,0.33169360505973294,1.0,0.14112019285503513,0.14419911296765336,0.1401101700805858,0.13919609198993435,0.15215512586790034,0.13814918127091175,0.1460711362151815,15.3846153846,0.0,0.0,0.0
66909228.26205993,0.36312056737588655,0.12913016970036117,1.1944540697283408,0.2663891779396462,0.0,0.2557628979143798,0.12294182217343579,0.10428100987925357,0.14489571899012074,0.04720087815587267,0.15697036223929747,0.16794731064763996,35.0384615385,0.12294182217343579,0.6630076838638859,0
78616762.122509,12.293693693693694,2.3980229522327643,84.08466364588854,0.9247763621577664,0.389,0.1292557628979144,0.20812294182217342,0.09010428100987926,0.09414489571899011,0.15304720087815588,0.17015697036223928,0.15616794731064762,18.5185185185,0.026,0.578,0.0
179742543.85900903,0.7234375,0.04566531564412706,1.234886272523815,0.4197642792384406,0.224,0.11512925576289791,0.09320812294182218,0.08609010428100987,0.09109414489571899,0.21715304720087814,0.2641701569703623,0.13415616794731064,5.55555555556,0.14,0.563,0.0
67335675.78163409,1.6649476314530278,0.039776834032020474,14.958655843396604,0.6247581047381546,0.029,0.1741151292557629,0.07309320812294183,0.125086090104281,0.09609109414489572,0.2042171530472009,0.16026417015697036,0.1681341561679473,8.13008130081,0.043,0.861,0.0
108986537.74231791,1.1854489338685779,5.305139625290598,202.5624710842427,0.5424281096196343,0.063,0.2781741151292558,0.004073093208122942,0.000125086090104281,9.609109414489572e-05,0.0002042171530472009,0.334160264170157,0.38416813415616796,250.0,0.6,1.003,0.0
78975754.31386495,0.4141069397042093,0.48464494366064476,15.455031871543857,0.2928399034593725,1.0,0.14927817411512925,0.12800407309320813,0.13100012508609013,0.15100009609109416,0.15500020421715305,0.14033416026417014,0.14638416813415617,20.4081632653,0.0,0.0,0.0
69738369.07930994,0.19179664933564414,0.07557389238635964,0.04583990193926732,0.16093068347067377,0.027777777777777776,0.2819243937254202,0.11466677980814469,0.03141667014128028,0.08752778044697483,0.17097222789492092,0.03167594889622695,0.309621782448171,1.63636363636,0.16666666666666666,0.027777777777777776,0.0
113357305.22137499,137.00408163265305,0.27286463752463586,12.82921111400746,0.9927538375085031,0.031,0.09028192439372541,0.12011466677980814,0.11203141667014128,0.15308752778044699,0.16517097222789492,0.22303167594889622,0.13730962178244818,4.48430493274,0.402,0.636,0.0
182931927.06888103,3.786751321834099,0.00047230683776412096,67.15164157962718,0.7910900456769836,0.072,0.2260902819243937,0.14512011466677982,0.12811203141667013,0.14015308752778044,0.08216517097222789,0.1352230316759489,0.14413730962178242,111.111111111,0.0,1.06,0.0
75277713.60325503,3.3210526315789473,0.8516305415156488,7.625651371738504,0.7685749086479903,0.047,0.1392260902819244,0.19414512011466678,0.12912811203141666,0.11214015308752778,0.10308216517097223,0.19813522303167594,0.1251441373096218,16.9491525424,0.039,0.525,0.0
102251257.61176991,1.0725686316237497,0.7731543048610879,2.5560565816445804,0.517506930896396,0.001,0.12613922609028191,0.1481941451201147,0.14612912811203144,0.13111214015308753,0.14910308216517099,0.15519813522303166,0.14512514413730962,3.77358490566,0.894,0.077,0.0
195514089.62322807,1.4177239756434827,0.006186766397915362,0.09015002465533813,0.5863878548278665,0.9662921348314607,0.09059628778702405,0.2311696300287647,0.12441645577591028,0.10186018056265779,0.2592646240571077,0.10199549514170242,0.0963209277760523,1.05325443787,0.7808988764044944,0.011235955056179775,0.0
115148634.12137103,0.6202588130298974,0.07878512905709127,18.938444356199845,0.38281465161112643,0.112,0.06809059628778702,0.11023116963002877,0.17912441645577593,0.04710186018056265,0.1412592646240571,0.2431019954951417,0.21209632092777606,21.2765957447,0.537,1.273,0.0
74610206.87198591,0.2755905511811024,0.11464383170356336,0.9611553567066424,0.21604938271604937,0.02236024844720497,0.13300383925004694,0.17280774058339135,0.07475667629373389,0.14167341845985162,0.15669721647779386,0.15558149316210576,0.16672310101978605,7.12389380531,0.115527950310559,0.737888198757764,0.0
67487261.9774499,0.6514697060587883,0.00512096638496726,0.04608869746470534,0.3944787504540501,0.0,0.05925010664583463,0.1436891039050942,0.08540990767482594,0.365046483846107,0.14324158934660536,0.11543281925450294,0.11574230836166072,1.63636363636,0.2777777777777778,0.0,0
66521242.814496994,1.1204992798847815,0.3974429653054869,17.173172834212902,0.5284129499660403,0.027,0.11705925010664583,0.0871436891039051,0.17408540990767482,0.1953650464838461,0.2171432415893466,0.10311543281925449,0.10711574230836166,6.84931506849,0.077,0.823,0.0
68897528.42210388,0.2751937984496124,0.342351903474562,0.5994293401495994,0.21580547112462006,0.3784355179704017,0.07424325422855528,0.19680157228140358,0.13778876408014307,0.21182952441117092,0.1315373007221762,0.1101545780820703,0.1397613440640769,2.21028037383,0.547568710359408,0.4714587737843552,0.0
69971555.39938903,0.41798365122615805,0.04445234899018922,0.11483523489132215,0.2947732513451191,0.0,0.05456175542181243,0.045126898626681754,0.012234287785807992,0.2818476292947438,0.24872620753464705,0.24849628578582872,0.11978238004369975,7.15384615385,0.17204301075268819,0.4946236559139785,0
207311291.8324709,0.2894891368173811,0.15628671122353804,0.5309580535967666,0.22449908925318762,0.049,0.10905456175542182,0.07404512689862668,0.07401223428778582,0.22428184762929476,0.3152487262075347,0.10724849628578582,0.0971197823800437,3.78787878788,0.446,0.605,0.0
119864186.64208889,1.3159041394335511,0.6400844334688003,0.3841948232419713,0.5682031984948259,0.022813688212927757,0.19032139650523844,0.1997605420663472,0.15413310310701098,0.11259369172553098,0.1165689139281512,0.09906321006898439,0.12946220490946778,3.13095238095,0.10836501901140684,0.344106463878327,0.0
178236646.65437603,0.8390330188679245,7.444772020274213,5.7185815550966845,0.4562359730682911,0.184,0.19319032139650522,0.12619976054206633,0.08815413310310702,0.24911259369172553,0.06311656891392815,0.09409906321006897,0.18712946220490945,7.7519379845,0.352,0.765,0.0
97308824.73701,76.26431718061674,0.3933373987759466,20.765195813031745,0.9870574149039284,0.159,0.1291931903213965,0.09612619976054207,0.0960881541331031,0.14624911259369172,0.17006311656891393,0.1570940990632101,0.20618712946220488,8.40336134454,0.031,0.852,0.0
76645021.39514494,1.726507713884993,10.899619894331693,12.38085896157255,0.6332304526748971,0.097,0.188,0.12,0.1,0.119,0.164,0.093,0.216,7.93650793651,0.53,1.526,0.0
199238961.36065793,2.091090425531915,0.09063287560163764,3.814386477473707,0.6764895676489567,0.302,0.122188,0.09712,0.15109999999999998,0.161119,0.19916399999999998,0.116093,0.15421600000000002,4.67289719626,0.104,0.664,0.0
71988213.02221107,2.019230769230769,1.88310827993708,20.56056592963806,0.6687898089171974,0.023,0.151122188,0.12809712,0.2771511,0.079161119,0.094199164,0.118116093,0.15315421599999998,11.2359550562,0.003,0.778,0.0
105235568.84488702,0.9168278529980658,0.52544971825547,23.215846379859258,0.4783047426841574,0.039,0.054151122188,0.19312809712,0.1152771511,0.144079161119,0.064094199164,0.138118116093,0.292153154216,13.3333333333,0.127,0.765,0.0
166619248.64450502,0.8634361233480177,0.4537290896161608,1.2134012225163615,0.46335697399527187,0.265,0.15705415112218798,0.13819312809712,0.1691152771511,0.117144079161119,0.128064094199164,0.084138118116093,0.207292153154216,2.71739130435,0.825,0.325,0.0
71753642.44600797,0.2593516209476309,0.0036123601696602184,0.00963296045242725,0.20594059405940593,0.0,0.02243630730316971,0.019741875442445714,0.3098736110215857,0.01673486845158843,0.018294870599880574,0.44059115973087043,0.31532745045060234,2.33333333333,0.0,0.2857142857142857,0
65081901.1140461,0.76274328081557,0.06903301721514025,0.5801428562118518,0.4327024185068349,0.0047169811320754715,0.25712838751722444,0.0660842968760435,0.0361081924788245,0.36560550676521597,0.08966578978915066,0.1401900734899313,0.04791350813785519,19.2727272727,0.09198113207547169,0.25471698113207547,0.0
78282570.95332289,0.2907563025210084,0.0,0.12692480432105996,0.22526041666666666,0.046511627906976744,0.029235543895749404,0.024792658066884733,0.0706071672669494,0.008502453645702696,0.3276666462741663,0.46837651333697516,0.09413752344506639,5.375,0.11627906976744186,1.0232558139534884,0.0
118662026.96143794,0.2962962962962963,0.0050968284925433155,0.001456236712155233,0.22857142857142856,0.0,1.0146177719478748,0.012396329033442366,0.0353035836334747,0.004251226822851348,0.16383332313708315,0.23418825666848758,0.047068761722533194,2.0,0.0,0.0,0
147943542.60547495,1.1063277249451353,1.0296035725344526,40.65795298711064,0.5252400715439248,0.029,0.1610146177719479,0.14301239632903343,0.14703530358363348,0.13700425122682283,0.1391638333231371,0.1292341882566685,0.14504706876172252,18.8679245283,0.592,1.178,0.0
99122392.88206291,1.934153113843713,0.0008716496594548502,2.012639063681249,0.6591861565499527,0.033,0.07916101461777195,0.17614301239632904,0.08614703530358364,0.1471370042512268,0.17813916383332315,0.16012923418825667,0.17414504706876172,5.12820512821,0.064,0.852,0.0
160033709.98964095,1.1599963953500014,0.003239317516500469,7.691759442930364,0.5370362644341534,0.036,0.19207916101461778,0.19417614301239633,0.13808614703530359,0.09714713700425122,0.1691781391638333,0.08916012923418826,0.12117414504706876,3.10559006211,0.097,0.644,0.0
137108450.006099,1.1247058823529412,0.08696181744793717,1.159490899305829,0.5293466223698782,0.011,0.3281920791610146,0.1071941761430124,0.1461380861470353,0.12309714713700425,0.14516917813916383,0.07908916012923418,0.07212117414504707,10.8695652174,0.077,0.755,0.0
119706817.00772905,0.9355482390501846,0.7795044787965181,3.361973946513131,0.48335051546391755,0.039,0.148328192079161,0.12610719417614302,0.11014613808614704,0.163123097147137,0.15814516917813914,0.18107908916012924,0.11407212117414506,4.78468899522,0.125,0.662,0.0
141986676.72939897,3.626876669429861,0.42838948978235925,8.39071402643317,0.7838714814667357,0.385,0.15814832819207916,0.12312610719417615,0.10911014613808614,0.13916312309714715,0.13815814516917815,0.15818107908916013,0.17511407212117416,3.83141762452,0.005,0.456,0.0
114806142.15199494,9.97219730941704,0.1738443573304339,4.325789462923525,0.9088605525584437,0.003,0.08715814832819209,0.14312312610719416,0.19110911014613807,0.09113916312309715,0.13513815814516916,0.14115818107908917,0.21217511407212117,3.78787878788,0.018,0.585,0.0
76657239.9084959,0.5032467532467533,0.001127095106778353,0.11045532046427858,0.3347732181425486,0.37362637362637363,0.04491382580580431,0.2872870673198593,0.15594625395764988,0.12188065014420986,0.22126525448511172,0.16638635363823173,0.013320605649144187,5.05555555556,0.8131868131868132,0.38461538461538464,0.058823529411764705
65725250.67859697,1.3245033112582782,0.13671457936220707,0.5376563746071412,0.5698005698005698,0.017369727047146403,0.20358539410869927,0.1942612582315629,0.11701227358302146,0.07474412071996082,0.07747212221956604,0.09222428375592613,0.24320923227208224,8.95555555556,0.18858560794044665,0.6650124069478908,0.0
244406276.11885095,0.9911485873030715,2.9549879465811952,0.03641150358869041,0.49777730985186863,0.02631578947368421,0.09478401834353552,0.028871858660941618,0.13311858254714504,0.0799308436936837,0.07996673845025745,0.23805558268099902,0.35846327937200106,1.26666666667,0.0,0.10526315789473684,0.0
68021115.63993812,0.6039783001808319,0.03175484523708358,1.148255203772942,0.3765501691093574,0.5486725663716814,0.11293670798489329,0.10733282285250105,0.21474902498069373,0.1339379765970063,0.1527433260381087,0.18721023847641705,0.09221068946833186,22.0487804878,0.19579646017699115,0.18805309734513273,0.0
114916370.0464189,1.315592203898051,0.003007404426892353,0.8375621328895203,0.5681450307542895,0.817,0.13411293670798488,0.1451073328228525,0.18121474902498066,0.143133937976597,0.1331527433260381,0.1251872102384764,0.13909221068946834,11.7647058824,0.111,0.118,0.0
163827295.61290908,1.158196672431272,2.8083232301354495,118.69477016788257,0.5366501983929618,0.043,0.301134112936708,0.08514510733282285,0.06718121474902497,0.0801431339379766,0.15013315274332603,0.05912518721023848,0.2581390922106895,7.35294117647,0.141,0.464,0.0
187521576.55947804,0.9467975689574567,0.13361662406913877,2.755266937701551,0.48633591085922867,0.224,0.18230113411293672,0.12708514510733282,0.16806718121474903,0.202080143133938,0.2001501331527433,0.05805912518721024,0.06325813909221069,5.12820512821,0.256,1.096,0.0
